Text
""
ப
க
ு
த
ி
""
1
3
""
–
""
ப
க
ட
ை
ய
ி
ன
்
""
எ
ண
்
க
ள
்
""
–
""
4
"
"
	
ம
த
்
ர
ந
ா
ட
்
ட
ு
க
்
க
ு
""
ப
ூ
ர
ி
ச
ி
ர
வ
ஸ
்
""
அ
ற
ி
ய
ா
""
இ
ள
ம
ை
ய
ி
ல
்
""
ஒ
ர
ு
ம
ு
ற
ை
""
வ
ந
்
த
ி
ர
ு
ந
்
த
ா
ன
்
""
""
அ
ன
்
ற
ு
""
வ
ந
்
த
""
ஒ
ர
ு
""
ந
ி
ன
ை
வ
ு
ம
்
""
ந
ெ
ஞ
்
ச
ி
ல
்
""
எ
ஞ
்
ச
ி
ய
ி
ர
ு
க
்
க
வ
ி
ல
்
ல
ை
""
""
அ
ன
்
ன
ை
ய
ு
ட
ன
ு
ம
்
""
அ
ர
ண
்
ம
ன
ை
ப
்
ப
ெ
ண
்
க
ள
ு
ட
ன
ு
ம
்
""
அ
ர
ச
ம
ு
ற
ை
ப
்
ப
ய
ண
ம
ா
க
""
ம
ல
ை
ப
்
ப
ா
த
ை
""
வ
ழ
ி
ய
ா
க
""
ம
ூ
ட
ு
வ
ண
்
ட
ி
க
ள
ி
ல
்
""
வ
ந
்
த
த
ு
ம
்
""
இ
ர
ு
ப
க
்
க
ம
ு
ம
்
""
ச
ெ
ற
ி
ந
்
த
ி
ர
ு
ந
்
த
""
ம
ர
க
்
க
ூ
ட
்
ட
ங
்
க
ள
ை
""
ந
ோ
க
்
க
ி
ய
ப
ட
ி
""
க
ம
்
ப
ள
ி
க
்
க
ு
வ
ை
க
்
க
ு
ள
்
""
ச
ே
ட
ி
ய
ி
ன
்
""
ம
ட
ி
ய
ி
ல
்
""
ச
ு
ர
ு
ண
்
ட
ு
""
அ
ம
ர
்
ந
்
த
ி
ர
ு
ந
்
த
த
ு
ம
்
""
ம
ட
்
ட
ு
ம
்
""
ச
ற
்
ற
ு
""
ந
ி
ன
ை
வ
ி
ல
ி
ர
ு
ந
்
த
ன
""
""
ச
ௌ
வ
ீ
ர
ம
ு
ம
்
""
ம
த
்
ர
ம
ு
ம
்
""
எ
ல
்
ல
ை
ப
்
ப
ு
ற
ச
்
ச
ா
ல
ை
க
ள
ை
""
அ
ம
ை
ப
்
ப
த
ற
்
க
ு
""
ம
ு
ந
்
த
ை
ய
""
க
ா
ல
ம
்
""
அ
த
ு
""
""
அ
ன
்
ற
ு
""
ம
த
்
ர
ந
ா
ட
ே
""
ப
ா
ல
்
ஹ
ி
க
ர
்
க
ள
ு
க
்
க
ு
""
ந
ெ
ட
ு
ந
்
த
ொ
ல
ை
வ
ு
""
"
"
	
ம
த
்
ர
ந
ா
ட
்
ட
ு
""
அ
ர
ச
ர
்
""
ச
ல
்
ல
ி
ய
ர
ி
ன
்
""
ம
ு
த
ல
்
ம
ை
ந
்
த
ன
்
""
ர
ு
க
்
ம
ா
ங
்
க
த
ன
ை
""
ப
ட
்
ட
த
்
த
ு
""
இ
ள
வ
ர
ச
ர
ா
க
""
அ
ற
ி
வ
ி
க
்
க
ு
ம
்
""
வ
ி
ழ
ா
""
அ
த
ு
""
""
ப
ா
ல
்
ஹ
ி
க
ந
ா
ட
ு
க
ள
்
""
ப
த
்
த
ு
ம
்
""
அ
த
ி
ல
்
""
ப
ங
்
க
ெ
ட
ு
த
்
த
ன
""
""
ம
ல
ை
க
்
க
ு
ட
ி
க
ள
ை
""
த
ன
்
""
க
ு
ட
ை
க
்
க
ீ
ழ
்
""
த
ொ
க
ு
க
்
க
""
ச
ல
்
ல
ி
ய
ர
்
""
ச
ெ
ய
்
த
""
ம
ு
த
ல
்
ம
ு
ய
ற
்
ச
ி
""
""
அ
ஸ
்
த
ி
ன
ப
ு
ர
ி
ய
ி
ல
ி
ர
ு
ந
்
த
ு
""
ப
ீ
ஷ
்
ம
ப
ி
த
ா
ம
க
ர
்
""
த
ன
்
""
ப
ட
ை
க
ள
ு
ட
ன
்
""
வ
ந
்
த
ு
""
அ
வ
்
வ
ி
ழ
ா
வ
ி
ல
்
""
க
ல
ந
்
த
ு
க
ொ
ண
்
ட
ா
ர
்
""
""
ப
ீ
ஷ
்
ம
ர
்
""
வ
ர
ு
வ
த
ை
""
ப
ல
ம
ா
த
ங
்
க
ள
ு
க
்
க
ு
""
ம
ு
ன
்
ன
ர
ே
""
ச
ல
்
ல
ி
ய
ர
்
""
ச
ூ
த
ர
்
க
ள
ை
க
்
க
ொ
ண
்
ட
ு
""
ம
ல
ை
ந
ா
ட
ு
க
ள
ெ
ங
்
க
ு
ம
்
""
ப
ா
ட
வ
ை
த
்
த
ா
ர
்
""
""
ம
த
்
ர
ந
ா
ட
்
ட
ு
""
அ
ட
ை
ய
ா
ள
த
்
த
ு
ட
ன
்
""
அ
ஸ
்
த
ி
ன
ப
ு
ர
ி
ய
ி
ன
்
""
ம
ு
த
்
த
ி
ர
ை
ய
ு
ம
்
""
இ
ட
ப
்
ப
ட
்
ட
ு
""
எ
ழ
ு
த
ப
்
ப
ட
்
ட
""
அ
ழ
ை
ப
்
ப
ை
""
ப
ு
ற
ந
்
த
ள
்
ள
""
ப
ா
ல
்
ஹ
ி
க
ர
்
க
ள
ா
ல
்
""
ம
ு
ட
ி
ய
வ
ி
ல
்
ல
ை
""
""
அ
வ
ர
்
க
ள
்
""
ஒ
வ
்
வ
ொ
ர
ு
வ
ர
ு
ம
்
""
ந
ா
ட
்
க
ண
க
்
க
ி
ல
்
""
எ
ண
்
ண
ி
ய
ப
ி
ன
்
""
வ
ர
ம
ு
ட
ி
வ
ெ
ட
ு
த
்
த
ன
ர
்
""
"
"
	
ந
ூ
ற
ா
ண
்
ட
ு
க
ள
ு
க
்
க
ு
ம
்
""
ம
ே
ல
ா
க
""
ம
த
்
ர
ர
்
க
ள
ு
ம
்
""
ச
ௌ
வ
ீ
ர
ர
்
க
ள
ு
ம
்
""
ப
ி
ற
""
ப
ா
ல
்
ஹ
ி
க
ர
்
க
ள
ு
ட
ன
்
""
ப
க
ை
ம
ை
க
ொ
ண
்
ட
""
அ
ர
ச
ி
ய
ல
ை
ய
ே
""
ச
ெ
ய
்
த
ு
வ
ந
்
த
ன
ர
்
""
""
அ
வ
ர
்
க
ள
ி
ன
்
""
உ
ற
வ
ு
""
ஐ
ய
ங
்
க
ள
ா
ல
ே
ய
ே
""
ம
ு
ட
ி
வ
ு
ச
ெ
ய
்
ய
ப
்
ப
ட
்
ட
ு
""
வ
ந
்
த
த
ு
""
""
ப
ா
ல
்
ஹ
ி
க
ர
்
க
ள
ி
ல
்
""
எ
வ
ர
ு
க
்
க
ு
ம
்
""
ச
ி
ந
்
த
ு
வ
ெ
ள
ி
ந
ோ
க
்
க
ி
""
இ
ற
ங
்
க
ு
ம
்
""
ம
ை
ய
ப
்
ப
ா
த
ை
""
ஒ
ன
்
ற
ை
""
அ
ம
ை
ப
்
ப
த
ெ
ன
்
ற
ா
ல
்
""
ச
ௌ
வ
ீ
ர
ம
ோ
""
ம
த
்
ர
ம
ோ
""
க
ை
க
்
க
ு
""
வ
ந
்
த
ா
க
வ
ே
ண
்
ட
ு
ம
்
""
""
ம
த
்
ர
ர
்
க
ள
ு
க
்
க
ு
ம
்
""
ச
ௌ
வ
ீ
ர
ர
்
க
ள
ு
க
்
க
ு
ம
்
""
அ
வ
ர
்
க
ள
ு
ட
ை
ய
""
எ
ல
்
ல
ை
க
்
க
ு
""
அ
ப
்
ப
ா
ல
்
""
ஏ
த
ே
ன
ு
ம
்
""
ந
ி
ல
த
்
த
ை
""
க
ை
ப
்
ப
ற
்
ற
வ
ே
ண
்
ட
ு
ம
ெ
ன
்
ற
ா
ல
்
""
அ
த
ு
""
ப
ா
ல
்
ஹ
ி
க
ம
ண
்
ண
ி
ல
ே
ய
ே
""
இ
ய
ல
்
வ
த
ு
""
""
ச
ி
ந
்
த
ு
வ
ெ
ள
ி
""
""
க
ங
்
க
ா
வ
ர
்
த
்
த
""
ந
ா
ட
ு
க
ள
்
""
அ
வ
ர
்
க
ள
ி
ன
்
""
வ
ா
ய
ி
ல
்
""
அ
ட
ங
்
க
ு
ப
வ
ை
""
அ
ல
்
ல
""
""
ஆ
க
வ
ே
""
வ
ி
ழ
ி
க
ோ
த
்
த
ு
""
உ
ட
ல
்
""
ச
ி
ல
ி
ர
்
த
்
த
ு
""
ம
ெ
ல
்
ல
""
உ
ற
ு
ம
ி
ய
ப
ட
ி
""
த
ா
க
்
க
ப
்
ப
த
ு
ங
்
க
ி
ய
ி
ர
ு
க
்
க
ு
ம
்
""
க
ா
ட
்
ட
ு
வ
ி
ல
ங
்
க
ு
க
ள
்
""
ப
ோ
ல
""
அ
ச
ை
வ
ற
்
ற
ி
ர
ு
ந
்
த
ன
""
ப
ா
ல
்
ஹ
ி
க
ந
ா
ட
ு
க
ள
்
""
"
"
	
எ
ச
்
ச
ெ
ய
ல
ு
ம
்
""
ம
ற
்
ற
வ
ர
்
க
ள
ு
க
்
க
ு
""
எ
த
ி
ர
ா
ன
த
ா
க
""
உ
ட
ன
ட
ி
ய
ா
க
""
வ
ி
ள
க
்
க
ம
்
""
க
ொ
ண
்
ட
த
ு
""
""
எ
ல
்
ல
ை
ப
்
ப
ு
ற
த
்
த
ி
ல
்
""
ஒ
ர
ு
""
க
ா
வ
ல
்
ம
ா
ட
ம
்
""
அ
ம
ை
ப
்
ப
த
ு
""
""
ப
த
்
த
ு
வ
ீ
ர
ர
்
க
ள
்
""
எ
ல
்
ல
ை
வ
ழ
ி
ய
ா
க
""
க
ண
்
க
ா
ண
ி
ப
்
ப
ி
ல
்
""
ஈ
ட
ு
ப
ட
ு
வ
த
ு
""
""
ஒ
ர
ு
""
வ
ண
ி
க
த
்
த
ூ
த
ு
க
்
க
ு
ழ
ு
""
அ
ர
ச
ர
ை
""
ச
ந
்
த
ி
ப
்
ப
த
ு
""
அ
ன
ை
த
்
த
ு
ம
ே
""
ம
ற
்
ற
""
ந
ா
ட
ு
க
ள
ி
ல
்
""
ந
ி
க
ர
ா
ன
""
ம
ற
ு
ச
ெ
ய
ல
ை
""
உ
ர
ு
வ
ா
க
்
க
ி
ன
""
""
அ
த
்
த
ன
ை
""
ந
ா
ட
ு
க
ள
ி
ல
ு
ம
்
""
ப
ி
ற
ந
ா
ட
ு
க
ள
ி
ன
்
""
ஒ
ற
்
ற
ர
்
க
ள
்
""
ந
ி
ற
ை
ந
்
த
ி
ர
ு
ந
்
த
ன
ர
்
""
""
ப
த
்
த
ு
""
ந
ா
ட
ு
க
ள
ி
ல
ு
ம
்
""
ஒ
ர
ே
வ
க
ை
ய
ா
ன
""
ம
க
்
க
ள
்
""
வ
ா
ழ
்
ந
்
த
ன
ர
்
""
""
அ
வ
ர
்
க
ள
ு
க
்
க
ு
""
ந
ா
ட
ு
""
எ
ன
்
ன
ு
ம
்
""
எ
ல
்
ல
ை
க
ள
்
""
இ
ல
்
ல
ை
""
""
ப
ா
ல
்
ஹ
ி
க
ந
ா
ட
ு
க
ள
்
""
ம
ு
ழ
ு
க
்
க
""
ம
ே
ய
்
ச
்
ச
ல
்
""
ம
க
்
க
ள
்
""
க
ா
ற
்
ற
ு
ப
ோ
ல
""
ச
ு
ழ
ன
்
ற
ல
ை
ந
்
த
ு
க
ொ
ண
்
ட
ி
ர
ு
ந
்
த
ன
ர
்
""
""
ஆ
க
வ
ே
""
ஒ
ற
்
ற
ர
்
க
ள
ை
""
க
ண
்
ட
ு
ப
ி
ட
ி
ப
்
ப
த
ோ
""
க
ண
்
க
ா
ண
ி
ப
்
ப
த
ோ
""
எ
ள
ி
த
ா
க
""
இ
ல
்
ல
ை
""
"
"
	
ச
ௌ
வ
ீ
ர
ம
்
""
ப
ா
ண
்
ட
வ
ர
்
க
ள
ா
ல
்
""
த
ா
க
்
க
ப
்
ப
ட
ு
ம
்
""
வ
ர
ை
""
ப
ா
ல
்
ஹ
ி
க
ர
்
க
ள
்
""
ப
ி
ற
ந
ா
ட
்
ட
ு
""
எ
த
ி
ர
ி
க
ள
ை
ப
்
ப
ற
்
ற
ி
""
எ
ண
்
ண
ி
ப
்
ப
ா
ர
்
க
்
க
வ
ே
ய
ி
ல
்
ல
ை
""
""
அ
த
ன
்
ப
ி
ன
்
""
அ
ன
ை
த
்
த
ு
ம
்
""
ம
ா
ற
ி
வ
ி
ட
்
ட
த
ு
""
""
ப
ொ
த
ு
""
எ
த
ி
ர
ி
""
எ
ன
்
ப
த
ு
""
ப
ா
ல
்
ஹ
ி
க
ம
ூ
த
ா
த
ை
ய
ர
்
""
எ
ண
்
ண
ி
க
்
க
ூ
ட
""
ப
ா
ர
்
க
்
க
ம
ு
ட
ி
ய
ா
த
""
ஒ
ற
்
ற
ு
ம
ை
ய
ை
""
உ
ர
ு
வ
ா
க
்
க
ி
ய
த
ு
""
""
ச
ல
ன
்
""
ச
ொ
ன
்
ன
ா
ன
்
""
ம
த
்
ர
ர
்
""
ப
ா
ண
்
ட
ு
வ
ு
க
்
க
ு
""
த
ங
்
க
ை
ய
ை
""
அ
ள
ி
த
்
த
ப
ோ
த
ு
""
ப
ா
ல
்
ஹ
ி
க
ந
ா
ட
ு
க
ள
ை
""
த
ன
்
""
க
ு
ட
ை
க
்
க
ீ
ழ
்
""
க
ொ
ண
்
ட
ு
வ
ர
ு
ம
்
""
க
ன
வ
ு
""
க
ொ
ண
்
ட
ி
ர
ு
ந
்
த
ா
ர
்
""
இ
ள
ை
ய
ோ
ன
ே
""
""
அ
ன
்
ற
ு
""
அ
வ
ர
்
""
அ
ஸ
்
த
ி
ன
ப
ு
ர
ி
ய
ி
ன
்
""
ப
ட
ை
க
ள
்
""
த
ன
்
""
உ
த
வ
ி
க
்
க
ு
""
வ
ர
ு
ம
ெ
ன
""
எ
ண
்
ண
ி
ன
ா
ர
்
""
""
ஆ
ன
ா
ல
்
""
ப
ா
ண
்
ட
ு
""
க
ா
ட
ே
க
ி
ய
த
ு
ம
்
""
அ
வ
ர
த
ு
""
த
ி
ட
்
ட
ங
்
க
ள
்
""
க
ல
ை
ந
்
த
ன
""
""
ம
ீ
ண
்
ட
ு
ம
்
""
அ
ஸ
்
த
ி
ன
ப
ு
ர
ி
""
எ
ழ
வ
ே
ய
ி
ல
்
ல
ை
""
""
ப
ட
ை
க
ள
ை
""
த
ங
்
க
ள
்
""
எ
ல
்
ல
ை
க
ள
ை
வ
ி
ட
்
ட
ு
""
வ
ி
ல
க
்
க
ு
ம
்
""
ந
ி
ல
ை
ய
ி
ல
்
""
அ
வ
ர
்
க
ள
்
""
எ
ப
்
ப
ோ
த
ு
ம
்
""
இ
ர
ு
க
்
க
வ
ி
ல
்
ல
ை
""
"
"
	
ப
ா
ண
்
ட
வ
ர
்
க
ள
்
""
ம
ு
ட
ி
ச
ூ
ட
ு
ம
்
""
ந
ி
ல
ை
வ
ந
்
த
ப
ோ
த
ு
""
எ
வ
ர
ு
ம
்
""
எ
ண
்
ண
ி
ய
ி
ர
ா
த
ப
ட
ி
""
த
ு
வ
ா
ர
க
ை
""
எ
ழ
ு
ந
்
த
ு
""
வ
ந
்
த
த
ு
""
""
ப
ா
ண
்
ட
வ
ர
்
க
ள
ி
ன
்
""
வ
ெ
ற
்
ற
ி
""
த
ு
வ
ா
ர
க
ை
ய
ி
ன
்
""
வ
ெ
ற
்
ற
ி
""
எ
ன
்
ற
ே
""
இ
ன
்
ற
ு
""
ப
ொ
ர
ு
ள
்
ப
ட
ு
க
ி
ற
த
ு
""
""
ச
ல
ன
்
""
ம
ெ
ல
்
ல
""
ந
க
ை
த
்
த
ு
""
ச
ௌ
வ
ீ
ர
த
்
த
ை
""
ப
ா
ண
்
ட
வ
ர
்
க
ள
்
""
த
ா
க
்
க
ி
ய
த
ை
""
ம
த
்
ர
ர
ா
ல
்
""
ந
ம
்
ப
வ
ே
ம
ு
ட
ி
ய
வ
ி
ல
்
ல
ை
""
""
அ
ர
ச
ி
ய
ல
ா
ட
ல
ி
ல
்
""
ப
ட
ை
வ
ல
்
ல
ா
ன
ு
க
்
க
ு
""
ச
ி
ற
ி
ய
ோ
ர
்
""
அ
ட
ி
ம
ை
க
ள
்
""
ம
ட
்
ட
ு
ம
ே
""
எ
ன
""
அ
வ
ர
்
""
ப
ு
ர
ி
ந
்
த
ு
க
ொ
ள
்
ள
""
இ
த
்
த
ன
ை
""
ப
ி
ந
்
த
ி
ய
ி
ர
ு
க
்
க
ி
ற
த
ு
""
எ
ன
்
ற
ா
ன
்
""
""
ப
ூ
ர
ி
ச
ி
ர
வ
ஸ
்
""
ப
ு
ன
்
ன
க
ை
த
்
த
ா
ன
்
""
""
அ
வ
ர
்
""
ப
ா
ல
்
ஹ
ி
க
க
்
க
ூ
ட
்
ட
ம
ை
ப
்
ப
ை
""
அ
ம
ை
க
்
க
""
ம
ு
ன
்
வ
ந
்
த
ப
ோ
த
ு
""
த
ெ
ர
ி
ந
்
த
த
ு
""
அ
வ
ர
ி
ட
ம
்
""
ம
ே
ல
ா
ண
்
ம
ை
""
க
ன
வ
ு
""
இ
ன
்
ற
ி
ல
்
ல
ை
""
""
அ
வ
ர
்
""
த
ன
்
""
ந
ா
ட
்
ட
ை
""
க
ா
த
்
த
ு
க
்
க
ொ
ள
்
ள
ு
ம
்
""
அ
ச
்
ச
த
்
த
ி
ல
்
""
ம
ட
்
ட
ு
ம
ே
""
இ
ன
்
ற
ி
ர
ு
க
்
க
ி
ற
ா
ர
்
""
"
"
	
க
ோ
ட
்
ட
ை
வ
ா
ய
ி
ல
்
""
வ
ர
ை
""
அ
வ
ன
ு
ட
ன
்
""
ச
ல
ன
ு
ம
்
""
க
ு
த
ி
ர
ை
ய
ி
ல
்
""
வ
ந
்
த
ா
ன
்
""
""
ந
ீ
""
அ
வ
ர
்
க
ள
ி
ட
ம
்
""
அ
ர
ச
ி
ய
ல
ே
த
ு
ம
்
""
ப
ே
ச
வ
ே
ண
்
ட
ி
ய
த
ி
ல
்
ல
ை
""
""
ந
ட
ந
்
த
வ
ற
்
ற
ை
""
ம
ட
்
ட
ு
ம
்
""
ச
ொ
ல
்
""
""
ச
ல
்
ல
ி
ய
ர
ை
""
எ
ந
்
த
""
வ
க
ை
ய
ி
ல
ு
ம
்
""
க
ு
ற
ை
த
்
த
ு
""
எ
ண
்
ண
ா
த
ே
""
""
அ
வ
ர
்
""
அ
ர
ச
ு
""
ச
ூ
ழ
்
த
ல
ி
ல
்
""
எ
ல
்
ல
ா
வ
க
ை
ய
ி
ல
ு
ம
்
""
ப
ீ
ஷ
்
ம
ர
ு
க
்
க
ு
""
ந
ி
க
ர
ா
ன
வ
ர
்
""
எ
ன
்
க
ி
ற
ா
ர
்
க
ள
்
""
எ
ன
்
ற
ா
ன
்
""
""
அ
ர
ச
ு
""
ச
ூ
ழ
்
த
ல
ெ
ன
்
ப
த
ு
""
அ
ற
ி
வ
ை
""
ம
ு
த
ன
்
ம
ை
ய
ா
க
க
்
""
க
ொ
ண
்
ட
த
ு
""
அ
ல
்
ல
""
இ
ள
ை
ய
ோ
ன
ே
""
""
அ
த
ு
""
ப
ெ
ர
ு
ம
்
ப
ா
ல
ு
ம
்
""
வ
ா
ழ
்
வ
ற
ி
வ
ை
ய
ே
""
ச
ா
ர
்
ந
்
த
ி
ர
ு
க
்
க
ி
ற
த
ு
""
""
ஆ
க
வ
ே
""
ம
ு
த
ி
ய
ோ
ர
ை
""
இ
ள
ை
ய
ோ
ர
்
""
அ
ர
ச
ு
ச
ூ
ழ
்
த
ல
ி
ல
்
""
ம
ட
்
ட
ு
ம
்
""
ப
ெ
ர
ு
ம
்
ப
ா
ல
ு
ம
்
""
வ
ெ
ல
்
ல
ம
ு
ட
ி
வ
த
ி
ல
்
ல
ை
""
""
ச
ொ
ற
்
க
ள
ை
""
எ
ண
்
ண
ி
ப
்
ப
ே
ச
ா
த
ே
""
""
ந
ீ
""
எ
ண
்
ண
ு
வ
த
ை
ய
ு
ம
்
""
ச
ே
ர
்
த
்
த
ே
""
அ
வ
ர
்
""
க
ே
ட
்
ட
ு
க
்
க
ொ
ண
்
ட
ி
ர
ு
ப
்
ப
ா
ர
்
""
""
உ
ன
்
ன
ை
""
ம
ு
ழ
ு
ம
ை
ய
ா
க
வ
ே
""
த
ி
ற
ந
்
த
ு
""
அ
வ
ர
்
""
ம
ு
ன
்
""
வ
ை
""
"
"
	
ம
ல
ை
ப
்
ப
ா
த
ை
""
வ
ழ
ி
ய
ா
க
""
க
ு
த
ி
ர
ை
க
ள
ி
ல
்
""
ச
ெ
ல
்
ல
ு
ம
்
ப
ோ
த
ு
""
வ
ண
ி
க
ர
்
க
ூ
ட
்
ட
ங
்
க
ள
்
""
ந
ி
ற
ை
ய
""
ச
ெ
ன
்
ற
ி
ர
ு
ப
்
ப
த
ை
""
ப
ூ
ர
ி
ச
ி
ர
வ
ஸ
்
""
ப
ா
த
ை
ய
ி
ல
்
""
ப
ட
ி
ந
்
த
ி
ர
ு
ந
்
த
""
க
ு
ள
ம
்
ப
ட
ி
த
்
த
ட
ங
்
க
ள
்
""
வ
ழ
ி
ய
ா
க
""
அ
ற
ி
ந
்
த
ா
ன
்
""
""
அ
வ
்
வ
ப
்
ப
ோ
த
ு
""
க
ம
்
ப
ள
ி
உ
ர
ு
ள
ை
க
ள
்
""
ப
ோ
ல
""
வ
ண
ி
க
ர
்
க
ள
்
""
வ
ண
்
ட
ி
க
ள
ி
ல
்
""
அ
ம
ர
்
ந
்
த
ு
""
எ
த
ி
ர
ே
""
வ
ந
்
த
ன
ர
்
""
""
க
ு
ள
ி
ர
்
க
ா
ல
ம
்
""
அ
ண
ு
க
ி
வ
ி
ட
்
ட
த
ு
""
""
இ
ன
்
ன
ு
ம
்
""
ச
ி
ல
ந
ா
ட
்
க
ள
ு
க
்
க
ு
ப
்
ப
ி
ன
்
""
வ
ண
ி
க
ப
்
ப
ா
த
ை
க
ள
்
""
அ
ன
ை
த
்
த
ு
ம
்
""
ஓ
ய
்
ந
்
த
ு
வ
ி
ட
ு
ம
்
""
""
ச
ா
ல
ை
க
ள
ி
ல
்
""
க
ூ
ல
ம
்
""
ச
ி
த
ற
ி
ய
த
ை
ப
்
ப
ொ
ற
ு
க
்
க
""
க
ா
ட
்
ட
ு
ப
்
ப
ற
வ
ை
க
ள
்
""
க
ூ
ட
்
ட
ம
ா
க
""
அ
ம
ர
்
ந
்
த
ி
ர
ு
ந
்
த
ன
""
""
வ
ண
்
ட
ி
ச
்
ச
க
ட
""
ஒ
ல
ி
க
ே
ட
்
ட
ு
""
அ
வ
ை
""
ம
ெ
ல
்
ல
""
எ
ழ
ு
ந
்
த
ு
""
வ
ி
ல
க
ி
""
ம
ீ
ண
்
ட
ு
ம
்
""
அ
ம
ர
்
ந
்
த
ன
""
""
வ
ண
ி
க
ர
்
க
ள
்
""
வ
ீ
ச
ு
ம
்
""
உ
ண
வ
ை
""
உ
ண
்
ண
""
ச
ா
ல
ை
ய
ோ
ர
ங
்
க
ள
ி
ல
்
""
ந
ி
ன
்
ற
""
க
ா
ட
்
ட
ு
ந
ா
ய
்
க
ள
்
""
ந
ா
ச
ு
ழ
ற
்
ற
ி
""
வ
ா
ய
ை
""
ந
க
்
க
ி
""
வ
ா
ல
ா
ட
்
ட
ி
ன
""
""
ந
ட
ு
ப
்
ப
க
ல
ி
ல
ு
ம
்
""
வ
ா
ன
ம
்
""
க
ன
்
ற
ு
த
்
த
ோ
ல
ை
""
இ
ழ
ு
த
்
த
ு
க
்
க
ட
்
ட
ி
ய
த
ு
ப
ோ
ல
""
ம
ங
்
க
ல
ா
ன
""
ஒ
ள
ி
ய
ு
ட
ன
்
""
இ
ர
ு
ந
்
த
த
ு
""
""
ப
ே
ர
ு
ட
ல
்
""
வ
ி
ல
ங
்
க
ொ
ன
்
ற
ி
ன
்
""
ந
ா
ன
்
க
ு
க
ா
ல
்
க
ள
ு
க
்
க
ு
""
அ
ட
ி
ய
ி
ல
்
""
ச
ெ
ன
்
ற
ு
க
ொ
ண
்
ட
ி
ர
ு
ப
்
ப
த
ு
ப
ோ
ல
""
"
"
	
க
ா
ற
்
ற
ி
ல
்
""
க
ம
்
ப
ள
ி
க
ள
ை
ய
ு
ம
்
""
ஊ
ட
ு
ர
ு
வ
ி
வ
ந
்
த
ு
""
ம
ய
ி
ர
்
க
்
க
ா
ல
்
க
ள
ை
""
எ
ழ
ச
்
ச
ெ
ய
்
ய
ு
ம
்
""
க
ு
ள
ி
ர
்
""
ந
ி
ற
ை
ந
்
த
ி
ர
ு
ந
்
த
த
ு
""
""
ம
ல
ை
ய
ி
ல
ி
ர
ு
ந
்
த
ு
""
ப
ன
ி
க
்
க
ா
ற
்
ற
ு
""
இ
ற
ங
்
க
ி
க
்
க
ொ
ண
்
ட
ி
ர
ு
ந
்
த
ம
ை
ய
ா
ல
்
""
இ
ர
வ
ு
க
ள
ி
ல
்
""
ப
ய
ண
ம
்
""
ச
ெ
ய
்
ய
ம
ு
ட
ி
ய
வ
ி
ல
்
ல
ை
""
""
உ
த
்
த
ர
ப
ா
ல
்
ஹ
ி
க
""
ந
ா
ட
ு
க
ள
ி
ல
்
""
த
ொ
ட
ங
்
க
ி
""
ம
த
்
ர
ந
ா
ட
ு
""
வ
ழ
ி
ய
ா
க
""
க
ங
்
க
ா
வ
ர
்
த
்
த
ம
்
""
ந
ோ
க
்
க
ி
""
ச
ெ
ல
்
ல
ு
ம
்
""
அ
ந
்
த
ப
்
ப
ா
த
ை
""
ம
ு
த
ன
்
ம
ை
ய
ா
ன
""
வ
ண
ி
க
த
்
த
ட
ம
்
""
எ
ன
்
ப
த
ன
ா
ல
்
""
ப
ய
ண
ி
க
ள
்
""
த
ங
்
க
ு
வ
த
ற
்
க
ா
ன
""
வ
ி
ட
ு
த
ி
க
ள
்
""
வ
ழ
ி
""
ம
ு
ழ
ு
க
்
க
""
அ
ம
ை
க
்
க
ப
்
ப
ட
்
ட
ி
ர
ு
ந
்
த
ன
""
""
அ
வ
ை
""
வ
ண
ி
க
ர
்
க
ள
ி
ன
்
""
ப
ொ
ற
்
க
ொ
ட
ை
ய
ா
ல
ு
ம
்
""
அ
ர
ச
ர
்
க
ள
ி
ன
்
""
ந
ி
ல
க
்
க
ொ
ட
ை
ய
ா
ல
ு
ம
்
""
ம
ல
ை
க
்
க
ு
ட
ி
க
ள
ி
ன
்
""
உ
ண
வ
ு
க
்
க
ொ
ட
ை
ய
ா
ல
ு
ம
்
""
வ
ா
ழ
்
ந
்
த
ன
""
""
எ
ப
்
ப
ோ
த
ு
ம
்
""
வ
ற
்
ற
ா
த
""
ச
ு
ன
ை
ய
ொ
ன
்
ற
ி
ன
்
""
க
ர
ை
ய
ி
ல
ே
ய
ே
""
அ
ம
ை
ந
்
த
""
அ
ந
்
த
""
வ
ி
ட
ு
த
ி
க
ள
ை
""
ச
ு
ன
ை
வ
ீ
ட
ு
க
ள
்
""
எ
ன
்
ற
ன
ர
்
""
"
"
	
ச
ா
ல
ை
ய
ை
""
ஒ
ட
்
ட
ி
ய
ே
""
அ
ம
ை
ந
்
த
ி
ர
ு
ந
்
த
""
ம
ண
ி
ப
த
்
ர
ன
ு
க
்
க
ா
ன
""
ச
ி
ற
ி
ய
""
ச
ு
த
ை
க
்
க
ோ
ய
ி
ல
ி
ன
்
""
ம
ே
ல
்
""
ப
ற
க
்
க
ு
ம
்
""
க
ா
வ
ி
க
்
க
ொ
ட
ி
ய
ே
""
ச
ு
ன
ை
வ
ீ
ட
ு
""
இ
ர
ு
ப
்
ப
த
ன
்
""
அ
ட
ை
ய
ா
ள
ம
்
""
""
ச
ா
ல
ை
வ
ண
ி
க
ர
ி
ன
்
""
த
ெ
ய
்
வ
ம
ா
ன
""
ம
ண
ி
ப
த
்
ர
ன
்
""
வ
ல
க
்
க
ை
ய
ி
ல
்
""
ப
ொ
ற
்
க
ு
வ
ை
ய
ு
ம
்
""
இ
ட
க
்
க
ை
ய
ி
ல
்
""
அ
ட
ை
க
்
க
ல
ச
்
ச
ி
ன
்
ன
ம
ு
ம
ா
க
""
ந
ி
ன
்
ற
ி
ர
ு
ந
்
த
ா
ன
்
""
""
அ
ர
ு
க
ே
""
ம
ண
்
ண
ா
ல
ா
ன
""
ந
ா
ன
்
க
ு
""
க
ர
ு
ந
ி
ற
ச
்
ச
ி
ல
ை
க
ள
ா
க
""
அ
ம
ண
""
அ
ர
ு
க
ர
்
க
ள
்
""
அ
ம
ர
்
ந
்
த
""
ந
ீ
ள
ம
ா
ன
""
ச
ி
ற
்
ற
ா
ல
ய
ம
்
""
இ
ர
ு
ந
்
த
த
ு
""
""
ஆ
ட
ை
க
ள
ு
ம
்
""
அ
ண
ி
க
ள
ு
ம
்
""
ஏ
த
ு
ம
ி
ன
்
ற
ி
""
க
ா
ல
்
க
ள
ை
""
ம
ல
ர
்
ம
ட
ி
ப
்
ப
ெ
ன
""
அ
ம
ை
த
்
த
ு
""
அ
த
ன
்
""
ம
ே
ல
்
""
க
ை
க
ள
ை
""
த
ா
ம
ர
ை
க
்
க
ு
வ
ை
ய
ெ
ன
""
வ
ை
த
்
த
ு
""
வ
ி
ழ
ி
ம
ூ
ட
ி
""
த
ம
்
ம
ு
ள
்
""
த
ா
ம
்
""
ந
ோ
க
்
க
ி
""
ஊ
ழ
்
க
த
்
த
ி
ல
்
""
அ
ம
ர
்
ந
்
த
ி
ர
ு
ந
்
த
""
ந
ீ
ர
்
க
்
க
ர
ை
ப
்
ப
ட
ி
வ
ர
்
க
ள
்
""
""
ந
ட
ு
வ
ே
""
ப
ு
ள
்
ள
ி
ர
ு
க
்
க
ை
""
ப
ெ
ர
ு
த
்
த
""
ம
ா
க
ா
ள
ை
""
ப
ொ
ற
ி
க
்
க
ப
்
ப
ட
்
ட
""
க
ா
ள
ை
ய
ர
்
""
""
வ
ல
ப
்
ப
க
்
க
ம
்
""
த
ல
ை
க
்
க
ு
ப
்
ப
ி
ன
்
ன
ா
ல
்
""
ஐ
ந
்
த
ு
த
ல
ை
""
ந
ா
க
ம
்
""
ப
த
்
த
ி
வ
ி
ர
ி
த
்
த
ு
""
ந
ி
ன
்
ற
""
ப
க
்
க
வ
ர
்
""
""
அ
ம
ு
த
க
ல
""
ம
ு
த
்
த
ி
ர
ை
ய
ு
ட
ன
்
""
ம
ு
ல
்
ல
ை
ய
ர
்
""
""
அ
வ
ர
்
""
அ
ர
ு
க
ே
""
இ
ள
ம
்
ப
ி
ற
ை
""
ம
ு
த
்
த
ி
ர
ை
ய
ு
ட
ன
்
""
ச
ந
்
த
ி
ர
ர
்
""
"
"
	
அ
ப
்
ப
ா
ல
்
""
ம
ூ
ங
்
க
ி
ல
்
""
க
ா
ல
்
க
ள
்
""
ம
ே
ல
்
""
அ
ம
ர
்
ந
்
த
""
ப
ெ
ர
ி
ய
""
ம
ர
க
்
க
ட
்
ட
ட
ங
்
க
ள
ா
ல
்
""
ஆ
ன
""
வ
ி
ட
ு
த
ி
க
ள
்
""
அ
த
ற
்
க
ு
ர
ி
ய
""
க
ு
ட
ி
ய
ா
ல
்
""
ப
ு
ர
க
்
க
ப
்
ப
ட
்
ட
ன
""
""
ப
ு
ர
வ
ி
க
ள
ு
க
்
க
ு
ம
்
""
வ
ெ
ப
்
ப
ம
ூ
ட
்
ட
ப
்
ப
ட
்
ட
""
க
ொ
ட
்
ட
க
ை
க
ள
்
""
இ
ர
ு
ந
்
த
ன
""
""
உ
ல
ர
்
ப
ு
ல
்
""
உ
ண
வ
ு
ம
்
""
ம
ர
த
்
த
ொ
ட
்
ட
ி
க
ள
ி
ல
்
""
ந
ீ
ர
ு
ம
்
""
க
ா
த
்
த
ி
ர
ு
ந
்
த
ன
""
""
இ
ர
ு
ம
்
ப
ா
ல
ா
ன
""
க
ண
ப
்
ப
ி
ல
்
""
ச
ெ
ங
்
க
ன
ல
்
""
ச
ீ
ற
ி
க
்
க
ொ
ண
்
ட
ி
ர
ு
க
்
க
ு
ம
்
""
ச
ி
ற
ி
ய
""
ம
ர
ச
்
ச
ு
வ
ர
்
""
அ
ற
ை
க
ள
்
""
""
ப
ு
ல
்
ல
ட
ை
த
்
த
""
ம
ெ
த
்
த
ை
க
ள
்
""
""
வ
ற
ு
த
்
த
""
உ
ல
ர
்
ஊ
ன
ு
ம
்
""
த
ண
ல
ி
ல
்
""
ச
ு
ட
்
ட
""
அ
ப
்
ப
ம
ு
ம
்
""
இ
ள
ஞ
்
ச
ூ
ட
ா
ன
""
ம
ல
ை
ம
த
ு
வ
ு
ம
்
""
""
வ
ண
ி
க
ர
்
க
ள
்
""
ம
ய
க
்
க
ி
ல
்
""
த
ட
ி
த
்
த
""
இ
ம
ை
க
ள
ு
ட
ன
்
""
உ
ட
ல
்
க
ு
ற
ு
க
்
க
ி
""
அ
ம
ர
்
ந
்
த
ு
""
க
ு
ர
ல
்
""
க
ு
ழ
ை
ய
""
ப
ே
ச
ி
க
்
க
ொ
ண
்
ட
ி
ர
ு
ந
்
த
ன
ர
்
""
""
க
ு
ள
ி
ர
்
க
ா
ல
ம
்
""
ப
ோ
ல
""
ம
ன
ி
த
ர
ி
ன
்
""
அ
ண
்
ம
ை
""
இ
ன
ி
த
ா
க
""
ஆ
க
ு
ம
்
""
க
ா
ல
ம
்
""
ப
ி
ற
ி
த
ொ
ன
்
ற
ி
ல
்
ல
ை
""
"
"
	
இ
ர
வ
ு
ம
ு
ழ
ு
க
்
க
""
வ
ெ
ள
ி
ய
ே
""
க
ட
ு
ங
்
க
ு
ள
ி
ர
்
க
்
க
ா
ற
்
ற
ு
""
ம
ர
ங
்
க
ள
ை
""
ச
ு
ழ
ற
்
ற
ி
ய
ப
ட
ி
""
ஊ
ள
ை
ய
ி
ட
்
ட
த
ு
""
""
க
ா
ல
ை
ய
ி
ல
்
""
த
ர
ை
ம
ு
ழ
ு
க
்
க
""
ச
ர
ு
க
ு
க
ள
்
""
ப
ர
வ
ி
க
்
க
ி
ட
ந
்
த
ன
""
""
ம
ு
த
ல
்
""
ப
ு
ல
ர
ி
க
்
க
த
ி
ர
்
""
ம
ெ
ல
்
ல
ி
ய
""
ந
ி
ண
ந
ீ
ர
்
க
்
க
ச
ி
வ
ா
க
""
வ
ா
ன
த
்
த
ோ
ல
்
ப
ர
ப
்
ப
ி
ல
்
""
ஊ
ற
ி
""
வ
ர
ு
ம
்
ப
ோ
த
ு
""
வ
ி
ழ
ி
த
ொ
ட
ு
ம
்
""
ம
ல
ை
வ
ெ
ள
ி
க
ள
ன
ை
த
்
த
ு
ம
்
""
ஊ
ச
ி
ம
ு
ன
ை
ய
ா
ல
்
""
த
ொ
ட
்
ட
ு
""
வ
ர
ை
ய
ப
்
ப
ட
்
ட
வ
ை
""
ப
ோ
ல
""
த
ு
ல
்
ல
ி
ய
ம
்
""
க
ொ
ண
்
ட
ன
""
""
ஒ
வ
்
வ
ொ
ர
ு
""
ம
ல
ை
வ
ி
ள
ி
ம
்
ப
ை
ய
ு
ம
்
""
ஒ
வ
்
வ
ொ
ர
ு
""
ப
ா
ற
ை
க
்
க
ு
வ
ட
ை
ய
ு
ம
்
""
வ
ி
ழ
ி
க
ள
ா
ல
்
""
த
ொ
ட
்
ட
ற
ி
ய
ம
ு
ட
ி
ந
்
த
த
ு
""
""
த
ொ
ல
ை
வ
ி
ல
்
""
க
ா
ற
்
ற
ு
ப
்
ப
ர
ப
்
ப
ி
ல
்
""
ச
ு
ழ
ல
ு
ம
்
""
ச
ெ
ம
்
ப
ர
ு
ந
்
த
ி
ன
்
""
இ
ற
க
ு
க
ள
ி
ன
்
""
ப
ி
ச
ி
ற
ு
க
ள
ை
க
்
க
ூ
ட
""
ந
ோ
க
்
க
""
இ
ய
ன
்
ற
த
ு
""
""
அ
த
ன
்
""
ந
ி
ழ
ல
்
""
வ
ர
ு
ட
ி
ச
்
ச
ெ
ன
்
ற
""
ம
ல
ை
ச
்
ச
ர
ி
வ
ி
ல
்
""
எ
ங
்
க
ு
ம
்
""
க
ீ
ர
ி
க
ள
்
""
இ
ர
ை
த
ே
ட
ி
""
ப
ா
ற
ை
க
ள
ு
க
்
க
ு
""
அ
ட
ி
ய
ி
ல
ி
ர
ு
ந
்
த
ு
""
இ
ட
ு
க
்
க
ு
க
ள
ை
""
ந
ோ
க
்
க
ி
""
ந
ா
ண
ல
்
ப
ூ
க
்
க
ு
ல
ை
""
வ
ா
ல
்
க
ு
ல
ை
த
்
த
ு
""
ச
ு
ழ
ன
்
ற
ோ
ட
ி
ன
""
"
"
	
ம
ெ
ல
்
ல
ி
ய
""
ஒ
ள
ி
ய
ி
ல
்
""
ச
ெ
ல
்
ல
ு
ம
்
ப
ோ
த
ு
""
வ
ி
ழ
ி
க
ள
்
""
த
ு
ல
்
ல
ி
ய
ம
்
""
க
ொ
ண
்
ட
ன
""
""
வ
ி
ழ
ி
க
ள
்
""
த
ெ
ள
ி
ந
்
த
ப
ோ
த
ு
""
அ
க
ம
ு
ம
்
""
த
ெ
ள
ி
வ
த
ா
க
த
்
""
த
ோ
ன
்
ற
ி
ய
த
ு
""
""
க
ு
ள
ி
ர
்
""
ச
ெ
ற
ி
ந
்
த
ு
""
வ
ா
ன
த
்
த
ு
""
ந
ீ
ர
ெ
ல
்
ல
ா
ம
்
""
ம
ண
்
ண
ி
ல
்
""
ப
ன
ி
ய
ா
க
ப
்
""
ப
ட
ி
வ
த
ு
வ
ர
ை
""
அ
ந
்
த
""
இ
ள
வ
ெ
ய
ி
ல
ே
""
ப
க
ல
்
""
ம
ு
ழ
ு
க
்
க
""
இ
ர
ு
க
்
க
ு
ம
்
""
""
அ
த
ன
்
ப
ி
ன
்
""
க
ா
ற
்
ற
ு
வ
ெ
ள
ி
""
ப
ள
ி
ங
்
க
ா
ல
ா
ன
த
ா
க
""
ம
ா
ற
ி
வ
ி
ட
ு
ம
்
""
""
வ
ெ
ய
ி
ல
்
""
உ
ர
ு
க
ி
ய
""
வ
ெ
ள
்
ள
ி
வ
ி
ழ
ு
த
ு
க
ள
ா
க
""
ம
ா
ற
ு
ம
்
""
""
வ
ெ
ற
ு
ந
்
த
ோ
ல
ி
ல
்
""
வ
ெ
ய
ி
ல
்
ப
ட
ு
ம
்
""
இ
ட
ம
்
""
அ
க
்
க
ண
ம
ே
""
க
ன
்
ற
ி
ச
்
ச
ி
வ
ந
்
த
ு
""
த
ொ
ட
்
ட
ா
ல
்
""
த
ோ
ல
ு
ர
ி
ந
்
த
ு
வ
ி
ட
ு
ம
்
""
""
ந
ீ
ர
ூ
ற
்
ற
ி
""
க
ு
ள
ி
ர
ச
்
ச
ெ
ய
்
த
ா
ல
்
""
ச
ீ
ழ
்
க
ட
்
ட
ு
ம
்
""
""
ம
ெ
ல
்
ல
ி
ய
""
ஆ
ட
ை
ய
ா
ல
்
""
ம
ற
ை
த
்
த
ு
க
்
க
ொ
ள
்
வ
த
ன
்
ற
ி
""
வ
ழ
ி
ய
ே
""
இ
ர
ு
க
்
க
ா
த
ு
""
"
"
	
அ
ந
்
த
ப
்
ப
ய
ண
த
்
த
ி
ல
்
""
ப
ூ
ர
ி
ச
ி
ர
வ
ஸ
்
""
அ
த
ு
வ
ர
ை
ய
ி
ல
ா
ன
""
அ
ன
ை
த
்
த
ை
ய
ு
ம
்
""
ம
ற
ந
்
த
ு
வ
ி
ட
்
ட
ா
ன
்
""
""
ஒ
வ
்
வ
ொ
ர
ு
""
ம
ல
ை
ய
ு
ம
்
""
ஒ
வ
்
வ
ொ
ர
ு
""
ம
ு
க
த
்
த
ு
ட
ன
்
""
அ
வ
ன
ை
""
க
ு
ன
ி
ந
்
த
ு
""
ந
ோ
க
்
க
ி
ய
த
ு
""
""
ஒ
வ
்
வ
ொ
ர
ு
""
ம
ல
ை
ம
ு
ட
ி
க
்
க
ு
ம
ே
ல
ு
ம
்
""
வ
ெ
ண
்
ப
ு
க
ை
ச
்
ச
ு
ர
ு
ள
்
க
ள
்
""
எ
ன
""
ம
ு
க
ி
ல
்
க
ள
்
""
த
ி
ர
ண
்
ட
ி
ர
ு
ந
்
த
ன
""
""
ச
ூ
ர
ி
ய
ன
்
""
ம
ே
ல
ெ
ழ
ு
ந
்
த
ு
""
ஒ
ள
ி
ம
ி
க
ு
ந
்
த
ப
ோ
த
ு
""
அ
வ
ற
்
ற
ி
ன
்
""
வ
ெ
ண
்
ம
ை
ய
ா
ன
""
வ
ட
ி
வ
ம
்
""
த
ு
ல
ங
்
க
ி
""
ம
ு
ப
்
ப
ர
ி
ம
ா
ண
ம
்
""
க
ொ
ண
்
ட
ு
""
த
ொ
ங
்
க
ு
ம
்
""
ப
ள
ி
ங
்
க
ு
ம
ல
ை
க
ள
ா
க
""
ம
ா
ற
ி
""
உ
ச
்
ச
ி
க
ட
ந
்
த
த
ு
ம
்
""
ம
ீ
ண
்
ட
ு
ம
்
""
ம
ங
்
க
ல
ா
க
த
்
""
த
ொ
ட
ங
்
க
ி
""
ம
ெ
ல
்
ல
""
க
ர
ை
ந
்
த
ு
""
ச
ா
ம
்
ப
ல
்
ப
ர
ப
்
ப
ா
க
""
ம
ா
ற
ி
ய
""
வ
ா
ன
த
்
த
ி
ல
்
""
ம
ு
ழ
ு
ம
ை
ய
ா
க
""
ம
ற
ை
ந
்
த
த
ு
""
"
"
	
உ
ச
்
ச
ி
""
க
ட
ந
்
த
""
வ
ே
ள
ை
ய
ி
ல
்
""
அ
ச
ி
க
்
ன
ி
ய
ி
ன
்
""
ம
ூ
ன
்
ற
ு
""
வ
ே
ர
ா
ற
ு
க
ள
ி
ல
்
""
ஒ
ன
்
ற
ா
ன
""
ப
ி
ர
க
த
ி
ய
ி
ன
்
""
க
ர
ை
ய
ி
ல
்
""
அ
ம
ை
ந
்
த
""
ம
த
்
ர
ந
ா
ட
்
ட
ி
ன
்
""
வ
ட
ப
ு
ல
த
்
த
ு
""
எ
ல
்
ல
ை
ய
ை
""
அ
வ
ர
்
க
ள
்
""
க
ட
ந
்
த
ப
ோ
த
ு
""
ம
ு
த
ல
்
க
ா
வ
ல
்
க
ோ
ட
்
ட
த
்
த
ி
ல
ே
ய
ே
""
அ
வ
ன
ு
க
்
க
ு
""
அ
ர
ச
ம
ு
ற
ை
""
வ
ர
வ
ே
ற
்
ப
ு
""
அ
ள
ி
க
்
க
ப
்
ப
ட
்
ட
த
ு
""
""
க
ல
ப
்
ப
ை
க
்
க
ொ
ட
ி
""
ஏ
ந
்
த
ி
ய
""
ஏ
ழ
ு
வ
ீ
ர
ர
்
க
ள
்
""
அ
ண
ி
வ
க
ு
த
்
த
ு
""
வ
ர
""
ம
ு
ர
ச
ு
ம
்
""
க
ொ
ம
்
ப
ு
ம
்
""
த
ு
ண
ை
ச
ே
ர
்
த
்
த
ன
""
""
அ
வ
ர
்
க
ள
்
""
க
ொ
ட
ி
த
ா
ழ
்
த
்
த
ி
""
வ
ா
ழ
்
த
்
த
ு
க
்
க
ூ
வ
ி
""
வ
ண
ங
்
க
ி
""
அ
வ
ன
ை
""
எ
ல
்
ல
ை
க
்
க
ு
ள
்
""
அ
ழ
ை
த
்
த
ு
ச
்
ச
ெ
ன
்
ற
ன
ர
்
""
""
எ
ல
்
ல
ை
க
்
க
ா
வ
ல
்
""
ம
ா
ட
த
்
த
ி
ல
்
""
இ
ள
ை
ப
்
ப
ா
ற
ி
""
ந
ீ
ர
ு
ம
்
""
உ
ண
வ
ு
ம
்
""
க
ொ
ண
்
ட
ு
""
ப
ி
ன
்
ன
ர
்
""
வ
ீ
ர
ர
்
""
ம
ூ
வ
ர
்
""
த
ு
ண
ை
வ
ந
்
த
ு
""
வ
ழ
ி
க
ா
ட
்
ட
""
ம
த
்
ர
ந
ா
ட
்
ட
ி
ன
்
""
த
ல
ை
ந
க
ர
ா
ன
""
ச
க
ல
ப
ு
ர
ி
""
ந
ோ
க
்
க
ி
""
க
ி
ள
ம
்
ப
ி
ன
ர
்
""
"
"
	
எ
ல
்
ல
ை
ய
ி
ல
்
""
இ
ர
ு
ந
்
த
ு
""
ச
க
ல
ப
ு
ர
ி
க
்
க
ு
ச
்
""
ச
ெ
ல
்
ல
""
ச
ே
ற
்
ற
ு
ம
ண
்
ண
ி
ல
்
""
ம
ர
ப
்
ப
ட
்
ட
ை
க
ள
்
""
ப
த
ி
க
்
க
ப
்
ப
ட
்
ட
""
ப
ு
ர
வ
ி
ப
்
ப
ா
த
ை
""
இ
ர
ு
ந
்
த
த
ு
""
""
ந
ூ
ற
்
ற
ு
க
்
க
ண
க
்
க
ா
ன
""
ச
ி
ற
்
ற
ா
ற
ு
க
ள
ு
ம
்
""
ம
ல
ை
ய
ோ
ட
ை
க
ள
ு
ம
ா
க
""
இ
ம
ை
ய
த
்
த
ி
ல
ி
ர
ு
ந
்
த
ு
""
இ
ற
ங
்
க
ு
ம
்
""
ந
ீ
ர
ு
ம
்
""
வ
ண
்
ட
ல
ு
ம
்
""
ம
த
்
ர
ந
ா
ட
்
ட
ை
""
ஒ
வ
்
வ
ொ
ர
ு
""
வ
ர
ு
ட
ம
ு
ம
்
""
ம
ு
ழ
ு
க
்
க
ா
ட
்
ட
ு
வ
த
ன
ா
ல
்
""
அ
ங
்
க
ே
""
க
ற
்
க
ள
்
""
ப
ர
ப
்
ப
ி
""
ச
ா
ல
ை
ய
ி
ட
ு
வ
த
ு
""
இ
ய
ல
்
வ
த
ல
்
ல
""
எ
ன
்
ற
ு
""
த
ெ
ர
ி
ந
்
த
த
ு
""
""
ம
ர
த
்
த
ா
ல
ா
ன
""
ச
ா
ல
ை
ய
ை
""
ஒ
வ
்
வ
ொ
ர
ு
ம
ு
ற
ை
ய
ு
ம
்
""
ச
ே
ற
்
ற
ு
க
்
க
ு
ள
்
""
இ
ர
ு
ந
்
த
ு
""
ம
ே
ல
ே
""
த
ூ
க
்
க
ி
""
அ
ம
ை
த
்
த
ு
வ
ி
ட
ல
ா
ம
்
""
""
அ
ச
ி
க
்
ன
ி
ய
ி
ன
்
""
க
ர
ை
ய
ோ
ர
ம
ா
க
வ
ே
""
ம
ல
ை
ய
ி
ற
ங
்
க
ி
ச
்
""
ச
ெ
ன
்
ற
""
ச
ா
ல
ை
""
ஒ
ர
ு
""
ப
ெ
ர
ி
ய
""
ஏ
ண
ி
ப
்
ப
ட
ி
""
ப
ோ
ல
""
த
ோ
ன
்
ற
ி
ய
த
ு
""
""
ம
ு
ன
்
ன
ு
ம
்
""
ப
ி
ன
்
ன
ு
ம
்
""
ச
ெ
ல
்
ல
ு
ம
்
""
க
ு
ள
ம
்
ப
ட
ி
க
ள
ா
ல
்
""
ம
ு
ழ
ங
்
க
ி
க
்
க
ொ
ண
்
ட
ி
ர
ு
ந
்
த
த
ு
""
""
ச
ி
ன
ந
்
த
ு
""
த
ு
ட
ி
த
்
த
ு
க
்
க
ொ
ண
்
ட
ே
""
இ
ர
ு
க
்
க
ு
ம
்
""
க
ொ
ல
ை
வ
ி
ல
ங
்
க
ு
ப
ோ
ல
""
"
"
	
இ
த
ு
""
வ
ண
ி
க
ர
்
க
ள
ு
க
்
க
ு
""
இ
ற
ு
த
ி
""
வ
ா
ர
ம
்
""
ப
ா
ல
்
ஹ
ி
க
ர
ே
""
""
வ
ர
ு
ம
்
""
க
ர
ு
ந
ி
ல
வ
ு
ட
ன
்
""
ம
ல
ை
ய
ி
ற
ங
்
க
ி
""
வ
ர
ு
ம
்
""
அ
ன
ை
த
்
த
ு
""
வ
ண
ி
க
வ
ழ
ி
க
ள
ு
ம
்
""
ம
ூ
ட
ி
வ
ி
ட
ு
ம
்
""
எ
ன
்
ற
ா
ன
்
""
த
ு
ண
ை
வ
ந
்
த
""
ம
த
்
ர
ந
ா
ட
்
ட
ு
க
்
""
க
ா
வ
ல
ன
்
""
""
ஆ
க
வ
ே
""
வ
ண
ி
க
ர
்
க
ள
்
""
வ
ந
்
த
ப
ட
ி
ய
ே
""
இ
ர
ு
க
்
க
ி
ற
ா
ர
்
க
ள
்
""
""
வ
ண
ி
க
வ
ா
ர
ம
்
""
ம
ு
ட
ி
ய
ு
ம
்
ப
ோ
த
ு
""
ம
ண
ி
ப
த
்
ர
ன
ு
க
்
க
ு
ம
்
""
க
ு
ப
ே
ர
ன
ு
க
்
க
ு
ம
்
""
ஊ
ன
்
க
ொ
ட
ை
""
அ
ள
ி
த
்
த
ு
""
வ
ழ
ி
ப
ட
ு
வ
ா
ர
்
க
ள
்
""
""
அ
ர
ு
க
ந
ெ
ற
ி
""
க
ொ
ண
்
ட
""
வ
ண
ி
க
ர
்
க
ள
்
""
அ
ர
ி
ச
ி
ம
ா
வ
ி
ல
்
""
வ
ெ
ல
்
ல
ம
்
""
ச
ே
ர
்
த
்
த
ு
""
ச
ெ
ய
்
த
""
ம
ண
்
ட
ை
ய
ப
்
ப
ம
்
""
ப
ட
ை
ப
்
ப
ா
ர
்
க
ள
்
""
""
இ
ர
வ
ெ
ல
்
ல
ா
ம
்
""
ந
க
ர
ி
ல
்
""
ம
த
ு
வ
ு
ம
்
""
உ
ண
வ
ு
ம
்
""
ந
க
ை
ய
ு
ம
்
""
க
ள
ி
ய
ா
ட
்
ட
ு
ம
்
""
ந
ி
ற
ை
ந
்
த
ு
""
வ
ழ
ி
ய
ு
ம
்
""
""
அ
த
ன
்
ப
ி
ன
்
""
க
ங
்
க
ா
வ
ர
்
த
்
த
த
்
த
ி
ல
்
""
இ
ர
ு
ந
்
த
ு
ம
்
""
ச
ி
ந
்
த
ு
த
ட
ங
்
க
ள
ி
ல
்
""
இ
ர
ு
ந
்
த
ு
ம
்
""
ந
க
ர
ு
க
்
க
ு
ள
்
""
வ
ந
்
த
ு
ள
்
ள
""
அ
த
்
த
ன
ை
""
ப
ர
த
்
த
ை
ய
ர
ு
ம
்
""
த
ி
ர
ு
ம
்
ப
ி
""
ச
ெ
ன
்
ற
ு
வ
ி
ட
ு
வ
ா
ர
்
க
ள
்
""
""
ந
க
ர
்
""
ம
ு
ழ
ு
க
்
க
""
க
ு
ள
ி
ர
்
ப
ர
வ
ு
ம
்
""
"
"
	
ப
ூ
ர
ி
ச
ி
ர
வ
ஸ
்
""
இ
ங
்
க
ே
""
வ
ெ
ண
்
ப
ன
ி
""
வ
ி
ழ
ு
வ
த
ு
ண
்
ட
ா
""
""
எ
ன
்
ற
ா
ன
்
""
""
ஒ
வ
்
வ
ொ
ர
ு
ம
ு
ற
ை
ய
ு
ம
்
""
வ
ர
ு
வ
த
ி
ல
்
ல
ை
""
""
ஆ
ன
ா
ல
்
""
க
ு
ள
ி
ர
்
""
ம
ு
த
ி
ர
்
ந
்
த
""
க
ா
ல
த
்
த
ி
ல
்
""
ச
ி
ல
ந
ா
ட
்
க
ள
்
""
க
ா
ல
ை
ய
ி
ல
்
""
வ
ீ
ட
்
ட
ை
ச
்
ச
ு
ற
்
ற
ி
""
வ
ெ
ண
்
ப
ன
ி
ப
்
ப
ொ
ர
ு
க
்
க
ு
க
ள
்
""
ந
ி
க
ழ
்
ந
்
த
ி
ர
ு
க
்
க
ு
ம
்
""
எ
ன
்
ற
ா
ன
்
""
""
அ
ச
ி
க
்
ன
ி
""
அ
ங
்
க
ே
""
ச
ி
ற
ி
ய
""
ஓ
ட
ை
""
ப
ோ
ல
ி
ர
ு
ந
்
த
த
ு
""
""
அ
ஞ
்
ச
ி
""
ஓ
ட
ு
ம
்
""
ச
ெ
ம
்
ம
ற
ி
ய
ா
ட
்
ட
ு
க
்
க
ூ
ட
்
ட
ம
்
""
ப
ோ
ல
""
ந
ீ
ர
்
""
க
ொ
ப
்
ப
ள
ி
த
்
த
ு
ச
்
""
ச
ெ
ல
்
ல
""
ந
ீ
ர
ி
ன
்
""
ஒ
ல
ி
""
த
ொ
ட
ர
்
ந
்
த
ு
""
க
ே
ட
்
ட
ு
க
்
க
ொ
ண
்
ட
ி
ர
ு
ந
்
த
த
ு
""
""
அ
ச
ி
க
்
ன
ி
""
வ
ி
ர
ை
வ
ழ
ி
ந
்
த
ு
""
அ
ல
ை
த
்
த
ொ
ட
ர
ா
க
""
ம
ா
ற
ி
""
ஒ
ள
ி
க
ொ
ண
்
ட
ு
""
ச
ெ
ல
்
ல
த
்
த
ொ
ட
ங
்
க
ி
ய
த
ு
""
""
ம
ல
ை
ப
்
ப
ா
த
ை
""
ச
ீ
ர
்
ந
ி
ல
த
்
த
ி
ல
்
""
அ
ம
ை
ந
்
த
த
ு
""
""
ப
ு
ர
வ
ி
க
ள
்
""
ம
ூ
ச
்
ச
ி
ர
ை
க
்
க
""
ந
ட
ை
ம
ா
ற
்
ற
ி
க
்
க
ொ
ண
்
ட
""
ஓ
ச
ை
""
எ
ழ
ு
ந
்
த
த
ு
""
"
"
	
அ
ச
ி
க
்
ன
ி
ய
ி
ல
்
""
அ
த
ன
்
""
க
ி
ள
ை
ய
ா
ற
ா
ன
""
த
ல
ம
்
""
வ
ந
்
த
ு
""
க
ல
க
்
க
ு
ம
்
""
ம
ு
ன
ை
ய
ி
ல
்
""
இ
ர
ு
ந
்
த
த
ு
""
ச
க
ல
ப
ு
ர
ி
""
""
த
ொ
ல
ை
வ
ி
ல
ே
ய
ே
""
அ
த
ன
்
""
ப
ெ
ர
ி
ய
""
க
ா
வ
ல
்
ம
ா
ட
த
்
த
ி
ன
்
""
ம
ே
ல
்
""
ப
ற
ந
்
த
""
க
ல
ப
்
ப
ை
க
்
க
ொ
ட
ி
ய
ை
""
ப
ூ
ர
ி
ச
ி
ர
வ
ஸ
்
""
ப
ா
ர
்
த
்
த
ு
வ
ி
ட
்
ட
ா
ன
்
""
""
ச
ற
்
ற
ு
""
ந
ி
ன
்
ற
ு
""
க
ை
க
ள
ை
த
்
""
த
ூ
க
்
க
ி
""
உ
ட
ல
ை
ந
ெ
ள
ி
த
்
த
ப
ி
ன
்
""
ப
ு
ர
வ
ி
ய
ை
""
ப
ெ
ர
ு
ந
ட
ை
ய
ி
ல
்
""
ச
ெ
ல
்
ல
வ
ி
ட
்
ட
ா
ன
்
""
""
ச
ற
்
ற
ு
ந
ே
ர
த
்
த
ி
ல
ே
ய
ே
""
க
ா
வ
ல
்
க
ோ
ட
்
ட
த
்
த
ை
ப
்
ப
ற
்
ற
ி
ய
""
ஐ
ய
ம
்
""
வ
ந
்
த
த
ு
""
""
அ
த
ு
""
ம
ர
த
்
த
ா
ல
ா
ன
""
க
ோ
ப
ு
ர
ம
ே
ட
ை
""
எ
ன
""
அ
வ
ன
்
""
எ
ண
்
ண
ி
ய
ி
ர
ு
ந
்
த
ா
ன
்
""
""
ஆ
ன
ா
ல
்
""
அ
த
ு
""
ஒ
ர
ு
""
ப
ச
ு
ங
்
க
ு
ன
்
ற
ி
ன
்
ம
ே
ல
்
""
அ
ம
ை
ந
்
த
ி
ர
ு
ப
்
ப
த
ா
க
""
த
ோ
ன
்
ற
ி
ய
த
ு
""
""
ச
ி
ந
்
த
ு
வ
ி
ன
்
""
க
ர
ை
க
ள
ி
ல
்
""
எ
ங
்
க
ு
ம
்
""
ப
ெ
ர
ி
ய
""
க
ு
ன
்
ற
ு
க
ள
்
""
இ
ல
்
ல
ை
""
எ
ன
""
அ
வ
ன
்
""
அ
ற
ி
ந
்
த
ி
ர
ு
ந
்
த
ா
ன
்
""
""
அ
த
ை
ய
ே
""
வ
ி
ழ
ி
""
ந
ி
ல
ை
த
்
த
ு
""
ந
ோ
க
்
க
ி
ய
ப
ட
ி
""
ச
ெ
ன
்
ற
ா
ன
்
""
"
"
	
ம
ெ
ல
்
ல
""
அ
த
ு
""
எ
ப
்
ப
ட
ி
""
க
ட
்
ட
ப
்
ப
ட
்
ட
த
ு
""
எ
ன
்
ற
ு
""
த
ெ
ர
ி
ந
்
த
த
ு
""
""
உ
ய
ர
ம
ா
க
""
வ
ள
ர
ு
ம
்
""
ம
ர
ங
்
க
ள
ை
""
ந
ட
்
ட
ு
""
அ
வ
ற
்
ற
ி
ன
்
""
உ
ச
்
ச
ி
க
்
க
ி
ள
ை
க
ள
ை
""
ஒ
ன
்
ற
ு
ட
ன
்
""
ஒ
ன
்
ற
ு
""
இ
ண
ை
த
்
த
ு
""
க
ட
்
ட
ப
்
ப
ட
்
ட
ி
ர
ு
ந
்
த
த
ு
""
அ
ந
்
த
க
்
""
க
ா
வ
ல
்
ம
ா
ட
ம
்
""
""
உ
ய
ி
ர
ு
ள
்
ள
""
க
ோ
ப
ு
ர
ம
்
""
எ
ன
""
எ
ண
்
ண
ி
ய
ப
ோ
த
ே
""
வ
ி
ந
்
த
ை
ய
ா
க
""
இ
ர
ு
ந
்
த
த
ு
""
""
அ
த
ை
""
ந
ோ
க
்
க
ி
ய
ப
ட
ி
ய
ே
""
ச
ெ
ன
்
ற
ு
க
ொ
ண
்
ட
ி
ர
ு
ந
்
த
ா
ன
்
""
""
அ
வ
ை
""
த
ே
வ
த
ா
ர
ு
""
ம
ர
ங
்
க
ள
்
""
எ
ன
""
த
ோ
ன
்
ற
ி
ன
""
""
ஆ
ன
ா
ல
்
""
இ
ம
ய
ம
ல
ை
ச
்
ச
ர
ி
வ
ி
ன
்
""
த
ே
வ
த
ா
ர
ு
க
்
க
ள
ை
வ
ி
ட
""
இ
ர
ு
ம
ட
ங
்
க
ு
""
உ
ய
ர
ம
்
""
க
ொ
ண
்
ட
ி
ர
ு
ந
்
த
ன
""
""
த
ட
ி
க
ள
்
""
க
ல
்
ல
ா
ல
்
""
ஆ
ன
""
த
ூ
ண
்
க
ள
்
""
எ
ன
்
ற
ே
""
த
ோ
ன
்
ற
ி
ன
""
""
க
ா
வ
ல
ன
்
""
அ
வ
ை
""
ம
ண
ி
த
ே
வ
த
ா
ர
ு
க
்
க
ள
்
""
ப
ா
ல
்
ஹ
ி
க
ர
ே
""
""
அ
வ
ை
""
இ
ந
்
த
""
ச
ே
ற
்
ற
ு
ம
ண
்
ண
ி
ல
்
""
ம
ட
்
ட
ு
ம
ே
""
இ
த
்
த
ன
ை
""
உ
ய
ர
ம
ா
க
""
வ
ள
ர
ு
ம
்
""
எ
ன
்
ற
ா
ன
்
""
"
"
	
ம
ர
த
்
த
ி
ன
்
""
ப
ச
ு
ம
ை
ய
ி
ல
ை
க
்
க
ூ
ம
்
ப
ு
க
ள
ு
க
்
க
ு
ம
ே
ல
்
""
ம
ு
க
ி
ல
ி
ல
்
""
எ
ழ
ு
ந
்
த
""
ம
ண
்
ட
ப
ம
்
""
ப
ோ
ல
""
த
ெ
ர
ி
ந
்
த
""
க
ா
வ
ல
்
ம
ா
ட
த
்
த
ை
""
ந
ோ
க
்
க
ி
ய
ப
ட
ி
""
ச
ெ
ன
்
ற
ம
ை
ய
ா
ல
்
""
ப
ூ
ர
ி
ச
ி
ர
வ
ஸ
்
""
ச
க
ல
ப
ு
ர
ி
ய
ி
ன
்
""
க
ோ
ட
்
ட
ை
ய
ை
க
்
""
க
ா
ண
""
ச
ற
்
ற
ு
""
ப
ி
ந
்
த
ி
வ
ி
ட
்
ட
ா
ன
்
""
""
அ
வ
ன
ு
க
்
க
ு
ப
்
ப
ி
ன
்
ன
ா
ல
்
""
வ
ந
்
த
""
வ
ீ
ர
ன
்
""
ம
ர
த
்
த
ா
ல
ா
ன
""
க
ோ
ட
்
ட
ை
""
எ
ன
்
ற
ப
ோ
த
ு
க
ூ
ட
""
ம
ர
ப
்
ப
ட
்
ட
ை
க
ள
ா
ல
்
""
க
ட
்
ட
ப
்
ப
ட
்
ட
த
ு
""
எ
ன
்
ற
""
எ
ண
்
ண
ம
்
த
ா
ன
்
""
இ
ய
ல
்
ப
ா
க
""
எ
ழ
ு
ந
்
த
த
ு
""
""
ம
ற
ு
க
ண
ம
்
""
அ
த
ை
""
உ
ள
்
ள
ம
்
""
க
ண
்
ட
த
ு
ம
்
""
க
ு
த
ி
ர
ை
ய
ி
ன
்
""
க
ட
ி
வ
ா
ள
த
்
த
ை
""
இ
ழ
ு
த
்
த
ு
""
ந
ி
ற
ு
த
்
த
ி
""
அ
த
ை
""
ந
ோ
க
்
க
ி
""
அ
ம
ர
்
ந
்
த
ு
வ
ி
ட
்
ட
ா
ன
்
""
""
அ
வ
ன
்
""
ம
ு
க
ம
்
""
ம
ல
ர
்
ந
்
த
ு
வ
ி
ட
்
ட
த
ு
""
"
"
	
ச
ா
ல
ம
ர
ங
்
க
ள
ை
ய
ு
ம
்
""
த
ே
க
்
க
ு
ம
ர
ங
்
க
ள
ை
ய
ு
ம
்
""
ந
ெ
ர
ு
க
்
க
ம
ா
க
""
ந
ட
்
ட
ு
""
அ
வ
ற
்
ற
ி
ன
்
""
க
ி
ள
ை
க
ள
ை
""
ஒ
ன
்
ற
ு
ட
ன
்
""
ஒ
ன
்
ற
ு
""
ப
ி
ண
ை
த
்
த
ு
""
க
ட
்
ட
ப
்
ப
ட
்
ட
""
ப
ச
்
ச
ை
ம
ர
ங
்
க
ள
ா
ல
ா
ன
""
ப
ெ
ர
ு
ங
்
க
ோ
ட
்
ட
ை
""
ப
ன
்
ன
ி
ர
ண
்
ட
ு
""
ஆ
ள
்
""
உ
ய
ர
ம
ி
ர
ு
ந
்
த
த
ு
""
""
அ
த
ன
்
""
அ
ட
ி
த
்
த
ூ
ர
்
க
ள
்
""
க
ற
்
த
ூ
ண
்
க
ள
்
""
ப
ோ
ல
""
ந
ி
ர
ை
வ
க
ு
த
்
த
ு
""
ந
ி
ன
்
ற
ன
""
""
ய
ா
ன
ை
ம
த
்
த
க
ங
்
க
ள
ோ
""
த
ண
்
ட
ு
க
ள
ோ
""
அ
வ
ற
்
ற
ை
""
அ
ச
ை
க
்
க
ம
ு
ட
ி
ய
ா
த
ெ
ன
்
ற
ு
""
த
ெ
ர
ி
ந
்
த
த
ு
""
""
ப
ன
்
ன
ி
ர
ு
""
அ
ட
ு
க
்
க
ு
க
ள
ா
க
""
இ
ந
்
த
""
ம
ர
ங
்
க
ள
்
""
ந
ட
ப
்
ப
ட
்
ட
ு
ள
்
ள
ன
""
ப
ா
ல
்
ஹ
ி
க
ர
ே
""
""
க
ோ
ட
்
ட
ை
ய
ி
ன
்
""
ச
ு
வ
ர
ை
""
வ
ா
ய
ி
ல
்
""
வ
ழ
ி
ய
ா
க
க
்
""
க
ட
க
்
க
வ
ே
""
அ
ர
ை
ந
ா
ழ
ி
க
ை
""
ந
ே
ர
ம
ா
க
ு
ம
்
""
எ
ன
்
ற
ா
ன
்
""
க
ா
வ
ல
ன
்
""
""
ந
ெ
ர
ு
ங
்
க
ி
ச
்
ச
ெ
ன
்
ற
ப
ோ
த
ு
""
அ
ட
ி
ம
ர
ங
்
க
ள
ி
ன
்
""
இ
ட
ை
வ
ெ
ள
ி
ய
ி
ல
்
""
ச
ெ
ற
ி
வ
ா
க
""
ம
ு
ட
்
ச
ெ
ட
ி
க
ள
்
""
ந
ட
ப
்
ப
ட
்
ட
ு
""
அ
வ
ை
""
ஒ
ன
்
ற
ு
ட
ன
்
""
ஒ
ன
்
ற
ு
""
வ
ல
ை
ய
ா
க
""
ப
ி
ன
்
ன
ப
்
ப
ட
்
ட
ி
ர
ு
ப
்
ப
த
ு
""
த
ெ
ர
ி
ந
்
த
த
ு
""
"
"
	
ம
ு
ன
்
ப
ு
""
இ
ங
்
க
ி
ர
ு
ந
்
த
த
ு
""
ம
ண
்
க
ோ
ட
்
ட
ை
""
""
அ
ச
ி
க
்
ன
ி
ய
ி
ன
்
""
க
ள
ி
ம
ண
்
ண
ை
க
்
க
ொ
ண
்
ட
ு
""
க
ட
்
ட
ி
ய
த
ு
""
""
அ
த
ை
""
ஒ
வ
்
வ
ொ
ர
ு
வ
ர
ு
ட
ம
ு
ம
்
""
ம
ழ
ை
க
்
க
ு
ப
்
ப
ி
ன
்
""
ப
ழ
ு
த
ு
ப
ா
ர
்
க
்
க
வ
ே
ண
்
ட
ு
ம
்
""
""
அ
ச
ி
க
்
ன
ி
""
ச
ி
ன
ந
்
த
ா
ல
்
""
க
ோ
ட
்
ட
ை
""
இ
ர
ு
ந
்
த
""
இ
ட
ம
்
""
த
ெ
ர
ி
ய
ா
ம
ல
்
""
க
ர
ை
ந
்
த
ு
ச
ெ
ன
்
ற
ு
வ
ி
ட
ு
ம
்
""
""
இ
ங
்
க
ே
""
க
ற
்
க
ோ
ட
்
ட
ை
க
ள
்
""
க
ட
்
ட
ம
ு
ட
ி
ய
ா
த
ு
""
""
அ
ச
ி
க
்
ன
ி
ய
ி
ன
்
""
உ
ர
ு
ள
ை
க
்
க
ற
்
க
ள
ை
""
ச
ே
ற
ா
ல
்
""
இ
ண
ை
த
்
த
ு
க
்
""
க
ட
்
ட
வ
ே
ண
்
ட
ு
ம
்
""
""
ந
ீ
ர
்
ப
்
ப
ெ
ர
ு
க
்
க
ை
""
அ
வ
ை
""
த
ா
ங
்
க
ா
த
ு
""
""
இ
ர
ு
ந
ூ
ற
ா
ண
்
ட
ு
க
ள
ு
க
்
க
ு
""
ம
ு
ன
்
""
ம
த
்
ர
ந
ா
ட
்
ட
ை
""
ஆ
ண
்
ட
""
க
ஜ
ப
த
ி
ம
ன
்
ன
ர
ி
ன
்
""
அ
ம
ை
ச
்
ச
ர
்
""
க
ி
ர
ு
ஷ
்
ண
""
ஃ
ப
ா
ல
்
க
ு
ன
ர
ா
ல
்
""
இ
ந
்
த
க
்
க
ோ
ட
்
ட
ை
""
அ
ம
ை
க
்
க
ப
்
ப
ட
்
ட
த
ு
""
""
த
ே
வ
த
ா
ர
ு
க
்
க
ள
ு
ம
்
""
ச
ா
ல
ம
ர
ங
்
க
ள
ு
ம
்
""
த
ே
க
்
க
ு
ம
ர
ங
்
க
ள
ு
ம
்
""
த
ட
ி
ம
ு
ழ
ு
த
்
த
ு
""
எ
ழ
""
ந
ூ
ற
ா
ண
்
ட
ு
க
ள
ா
க
ி
ன
""
""
இ
ன
்
ற
ு
""
இ
க
்
க
ோ
ட
்
ட
ை
ய
ை
""
அ
ச
ி
க
்
ன
ி
ய
ா
ல
்
""
ஏ
த
ு
ம
்
""
ச
ெ
ய
்
ய
ம
ு
ட
ி
ய
ா
த
ு
""
க
ா
வ
ல
ன
்
""
ச
ொ
ன
்
ன
ா
ன
்
""
"
"
	
ந
க
ர
ு
க
்
க
ு
ள
்
""
ச
ெ
ல
்
ல
""
ப
ெ
ர
ி
ய
""
க
ொ
ட
ி
ப
்
ப
ா
ல
ம
்
""
அ
ம
ை
க
்
க
ப
்
ப
ட
்
ட
ி
ர
ு
ந
்
த
த
ு
""
""
அ
ச
ி
க
்
ன
ி
ய
ி
ன
்
""
இ
ர
ு
ப
க
்
க
ம
ு
ம
்
""
த
ே
வ
த
ா
ர
ு
ம
ர
ங
்
க
ள
ு
ம
்
""
த
ே
க
்
க
ு
ம
ர
ங
்
க
ள
ு
ம
்
""
ச
ெ
ற
ி
வ
ா
க
""
ந
ட
ப
்
ப
ட
்
ட
ி
ர
ு
ந
்
த
ன
""
""
ந
ூ
ற
்
ற
ு
க
்
க
ண
க
்
க
ா
ன
""
ம
ர
ங
்
க
ள
ி
ல
்
""
இ
ர
ு
ந
்
த
ு
""
த
ட
ி
த
்
த
""
வ
ட
ங
்
க
ள
்
""
க
ி
ள
ம
்
ப
ி
ச
்
ச
ெ
ன
்
ற
ு
""
ஒ
ன
்
ற
ு
ட
ன
்
""
ஒ
ன
்
ற
ு
""
ந
ு
ட
்
ப
ம
ா
க
ப
்
""
ப
ி
ன
்
ன
ி
""
ச
ி
ல
ந
்
த
ி
""
வ
ல
ை
ய
ெ
ன
""
ம
ா
ற
ி
""
ப
ி
ன
்
ன
ர
்
""
க
ு
வ
ி
ந
்
த
ு
""
ந
ீ
ண
்
ட
ு
""
அ
ச
ி
க
்
ன
ி
ய
ி
ன
்
""
அ
ல
ை
ந
ீ
ர
்
வ
ெ
ள
ி
க
்
க
ு
ம
ே
ல
்
""
ப
ா
ல
ம
ா
க
""
அ
ம
ை
ந
்
த
ன
""
""
அ
ச
ி
க
்
ன
ி
ய
ி
ன
்
""
ந
ட
ு
வ
ே
""
இ
ர
ு
ந
்
த
""
ச
ே
ற
்
ற
ு
ம
ே
ட
ு
க
ள
ி
ல
்
""
ந
ட
ப
்
ப
ட
்
ட
ி
ர
ு
ந
்
த
""
ம
ர
க
்
க
ூ
ட
்
ட
ங
்
க
ள
ி
ல
்
""
அ
வ
ை
""
ம
ீ
ண
்
ட
ு
ம
்
""
வ
ே
ர
்
ப
்
ப
ர
வ
ல
ா
க
""
இ
ற
ங
்
க
ி
ன
""
""
ம
ீ
ண
்
ட
ு
ம
்
""
வ
ல
ை
ய
ா
க
ி
""
எ
ழ
ு
ந
்
த
ு
""
ப
ா
ல
ம
ா
க
""
க
ு
வ
ி
ந
்
த
ு
""
ந
ீ
ண
்
ட
ன
""
"
"
	
அ
வ
்
வ
ா
ற
ு
""
ஏ
ழ
ு
""
க
ட
்
ட
ங
்
க
ள
ா
க
""
ச
ெ
ன
்
ற
""
ப
ா
ல
ம
்
""
ச
க
ல
ப
ு
ர
ி
ய
ி
ன
்
""
க
ா
ன
்
க
ோ
ட
்
ட
ை
ய
ி
ன
்
""
அ
ர
ு
க
ே
""
ஒ
ர
ு
""
க
ு
ற
ு
ங
்
க
ா
ட
்
ட
ு
க
்
க
ு
ள
்
""
ச
ெ
ன
்
ற
ு
""
ப
ு
த
ை
ந
்
த
ு
""
ம
ற
ை
ந
்
த
த
ு
""
""
ப
ா
ல
த
்
த
ி
ல
்
""
ச
ெ
ன
்
ற
""
வ
ண
்
ட
ி
க
ள
ு
ம
்
""
ப
ு
ர
வ
ி
க
ள
ு
ம
்
""
அ
க
்
க
ா
ட
்
ட
ு
க
்
க
ு
""
அ
ப
்
ப
ா
ல
்
""
ம
ீ
ண
்
ட
ு
ம
்
""
த
ோ
ன
்
ற
ி
""
அ
ங
்
க
ே
""
ச
ெ
ன
்
ற
""
ம
ர
ப
்
ப
ா
த
ை
""
வ
ழ
ி
ய
ா
க
""
க
ா
ன
்
க
ோ
ட
்
ட
ை
""
ந
ோ
க
்
க
ி
""
ம
ெ
ல
்
ல
""
ஏ
ற
ி
ச
்
""
ச
ெ
ன
்
ற
ன
""
""
க
ோ
ட
்
ட
ை
ந
ோ
க
்
க
ி
""
ச
ெ
ல
்
வ
த
ற
்
க
ு
""
ஒ
ர
ு
ப
ா
ல
ம
ு
ம
்
""
வ
ர
ு
வ
த
ற
்
க
ு
""
இ
ன
்
ன
ொ
ர
ு
ப
ா
ல
ம
ு
ம
ா
க
""
இ
ண
ை
ய
ா
க
""
அ
ம
ை
ந
்
த
ி
ர
ு
ந
்
த
ன
""
""
இ
ர
ு
ப
ா
ல
ங
்
க
ள
ை
ய
ு
ம
்
""
இ
ண
ை
க
்
க
ு
ம
்
""
ச
ி
ற
ி
ய
""
க
ொ
ட
ி
வ
ழ
ி
க
ள
ா
ல
்
""
ப
ா
ல
ங
்
க
ள
்
""
ஆ
ங
்
க
ா
ங
்
க
ே
""
க
ை
க
ோ
ர
்
த
்
த
ு
க
்
க
ொ
ண
்
ட
ன
""
""
அ
வ
ற
்
ற
ி
ல
்
""
ப
ா
ல
த
்
த
ை
""
க
ண
்
க
ா
ண
ி
க
்
க
ு
ம
்
""
க
ா
வ
ல
ர
்
""
ப
ட
ை
க
்
க
ல
ங
்
க
ள
ு
ட
ன
்
""
ந
ி
ன
்
ற
ி
ர
ு
ந
்
த
ன
ர
்
""
"
"
	
ம
ர
ப
்
ப
ட
்
ட
ை
க
ள
்
""
ப
ர
ப
்
ப
ப
்
ப
ட
்
ட
""
ப
ா
ல
த
்
த
ி
ல
்
""
ஒ
ர
ே
ச
ம
ய
ம
்
""
ப
த
்
த
ு
""
வ
ண
்
ட
ி
க
ள
ு
ம
்
""
ஐ
ம
்
ப
த
ு
""
ப
ு
ர
வ
ி
க
ள
ு
ம
்
""
ம
ட
்
ட
ு
ம
ே
""
ச
ெ
ல
்
ல
வ
ே
ண
்
ட
ு
ம
ெ
ன
""
அ
த
ன
்
""
ந
ு
ழ
ை
வ
ா
ய
ி
ல
ி
ல
்
""
ந
ி
ன
்
ற
""
ச
ு
ங
்
க
""
ம
ண
்
ட
ப
த
்
த
ி
ன
்
""
ப
ல
க
ை
""
அ
ற
ி
வ
ி
த
்
த
த
ு
""
""
க
ா
வ
ல
ர
்
""
ஒ
வ
்
வ
ொ
ர
ு
""
வ
ண
்
ட
ி
ய
ை
ய
ு
ம
்
""
ப
ு
ர
வ
ி
ய
ை
ய
ு
ம
்
""
எ
ண
்
ண
ி
""
ஏ
ற
்
ற
ி
வ
ி
ட
்
ட
ன
ர
்
""
""
ம
ற
ு
ப
க
்
க
ம
்
""
ஒ
ர
ு
வ
ண
்
ட
ி
""
ப
ா
ல
த
்
த
ை
வ
ி
ட
்
ட
ு
""
இ
ற
ங
்
க
ி
ய
த
ு
ம
்
""
அ
ங
்
க
ி
ர
ு
ந
்
த
""
க
ா
வ
ல
ர
்
""
ஒ
ர
ு
""
ச
ர
ட
ை
""
இ
ழ
ு
க
்
க
""
ந
ு
ழ
ை
வ
ா
ய
ி
ல
ி
ல
்
""
ம
ண
ி
""
ஒ
ன
்
ற
ு
""
அ
ட
ி
த
்
த
த
ு
""
""
அ
த
ை
க
்
க
ே
ட
்
ட
ப
ி
ன
்
ன
ர
ே
""
க
ா
வ
ல
ன
்
""
இ
ன
்
ன
ொ
ர
ு
""
வ
ண
்
ட
ி
ய
ை
""
ப
ா
ல
த
்
த
ி
ல
்
""
ந
ு
ழ
ை
ய
""
வ
ி
ட
்
ட
ா
ன
்
""
"
"
	
க
ொ
ட
ி
ப
்
ப
ா
ல
த
்
த
ி
ல
்
""
ஏ
ற
ி
ய
த
ு
ம
ே
""
க
ு
த
ி
ர
ை
""
ச
ற
்
ற
ு
""
ம
ி
ர
ண
்
ட
ு
""
க
ன
ை
த
்
த
த
ு
""
""
ப
ட
க
ி
ல
்
""
ந
ி
ற
்
ப
த
ு
ப
ோ
ல
""
ஓ
ர
்
""
அ
ச
ை
வ
ு
""
இ
ர
ு
ந
்
த
ு
க
ொ
ண
்
ட
ே
""
இ
ர
ு
ந
்
த
த
ு
""
""
க
ீ
ழ
ே
""
ப
ெ
ர
ு
க
ி
ச
்
ச
ெ
ன
்
ற
""
அ
ச
ி
க
்
ன
ி
ய
ை
""
ந
ோ
க
்
க
ி
ய
ப
ோ
த
ு
""
அ
ட
ி
வ
ய
ி
ற
்
ற
ை
""
அ
ச
்
ச
ம
்
""
க
வ
்
வ
ி
க
்
க
ொ
ண
்
ட
த
ு
""
""
ஆ
ற
்
ற
ி
ன
்
""
ந
ட
ு
வ
ே
""
ப
ா
ல
ம
்
""
ஊ
ச
ல
்
ப
ோ
ல
வ
ே
""
ஆ
ட
ி
ய
த
ு
""
""
க
ா
வ
ல
ர
்
""
ம
ு
க
ங
்
க
ள
ி
ல
்
""
அ
ச
்
ச
ம
ு
ம
்
""
உ
வ
க
ை
ய
ு
ம
்
""
க
ல
ந
்
த
""
க
ி
ள
ர
்
ச
்
ச
ி
""
த
ெ
ர
ி
ந
்
த
த
ு
""
""
ம
ீ
ண
்
ட
ு
ம
்
""
த
ே
வ
த
ா
ர
ு
க
்
க
ா
ட
்
ட
ு
க
்
க
ு
ள
்
""
ந
ு
ழ
ை
ந
்
த
ு
""
இ
ர
ு
ண
்
ட
""
த
ழ
ை
ச
்
ச
ெ
ற
ி
வ
ை
க
்
""
க
ட
ந
்
த
ு
""
அ
ட
ு
த
்
த
""
ப
ா
ல
த
்
த
ி
ல
்
""
ஏ
ற
ி
க
்
க
ொ
ண
்
ட
ன
ர
்
""
""
ஏ
ழ
ா
வ
த
ு
""
ப
ா
ல
த
்
த
ை
க
்
""
க
ட
ந
்
த
ு
""
க
ு
ற
ு
ங
்
க
ா
ட
்
ட
ு
க
்
க
ு
ள
்
""
ந
ு
ழ
ை
ந
்
த
ு
""
ம
ற
ு
ப
க
்
க
ம
்
""
உ
ற
ு
த
ி
ய
ா
ன
""
ம
ண
்
ம
ே
ல
்
""
அ
ம
ை
ந
்
த
""
ம
ர
ச
்
ச
ா
ல
ை
ய
ி
ல
்
""
ஏ
ற
ி
ய
ப
ோ
த
ு
""
உ
ள
்
ள
த
்
த
ி
ல
்
""
ஆ
ட
்
ட
ம
ி
ர
ு
ந
்
த
ம
ை
ய
ா
ல
்
""
உ
ட
ல
்
""
த
ி
க
ை
த
்
த
த
ு
""
"
"
	
ம
ர
ப
்
ப
ா
த
ை
""
வ
ட
க
்
க
ு
க
்
""
க
ோ
ட
்
ட
ை
வ
ா
ய
ி
ல
ை
""
ந
ோ
க
்
க
ி
""
ச
ெ
ன
்
ற
த
ு
""
""
அ
ங
்
க
ி
ர
ு
ந
்
த
ு
""
ந
ோ
க
்
க
ி
ய
ப
ோ
த
ு
""
அ
ச
ி
க
்
ன
ி
""
வ
ட
க
்
க
ி
ல
ி
ர
ு
ந
்
த
ு
""
வ
ழ
ி
ந
்
த
ு
""
வ
ள
ை
ந
்
த
ு
""
க
ி
ழ
க
்
க
ா
க
""
க
ோ
ட
்
ட
ை
ய
ை
""
வ
ள
ை
த
்
த
ு
ப
்
""
ப
ோ
வ
த
ை
""
க
ா
ண
ம
ு
ட
ி
ந
்
த
த
ு
""
""
அ
த
ன
்
""
ந
ீ
ர
்
ப
்
ப
ெ
ர
ு
க
்
க
ி
ன
்
""
ம
ே
ல
்
""
ச
க
ல
ப
ு
ர
ி
ய
ி
ன
்
""
த
ு
ற
ை
ம
ு
க
ம
்
""
க
ா
ல
்
க
ள
்
""
ஊ
ன
்
ற
ி
""
ந
ீ
ட
்
ட
ி
""
ந
ி
ன
்
ற
த
ு
""
""
ஆ
ழ
ம
ற
்
ற
""
ந
ீ
ர
ி
ல
்
""
ச
ெ
ல
்
ல
ு
ம
்
""
ச
ி
ற
ி
ய
""
ப
ட
க
ு
க
ள
்
""
த
ு
ற
ை
ம
ே
ட
ை
ய
ை
""
ஒ
ட
்
ட
ி
""
க
ொ
ட
ி
க
ள
்
""
ப
ட
ப
ட
க
்
க
""
ந
ி
ன
்
ற
ி
ர
ு
ந
்
த
ன
""
""
அ
ங
்
க
ி
ர
ு
ந
்
த
ு
""
எ
ழ
ு
ந
்
த
""
ஒ
ல
ி
க
ள
்
""
ம
ூ
ட
்
ட
ம
ா
க
""
இ
ற
ங
்
க
ி
ய
ி
ர
ு
ந
்
த
""
வ
ா
ன
்
க
ு
ள
ி
ர
ு
க
்
க
ு
ள
்
""
அ
ழ
ு
ந
்
த
ி
""
ஒ
ல
ி
த
்
த
ன
""
"
"
	
ச
க
ல
ப
ு
ர
ி
ய
ி
ன
்
""
வ
ட
க
்
க
ு
க
்
""
க
ோ
ட
்
ட
ை
""
ம
ு
க
ப
்
ப
ு
""
அ
ண
ு
க
ு
ம
்
த
ோ
ற
ு
ம
்
""
அ
த
ன
்
""
ப
ே
ர
ு
ர
ு
வ
ம
்
""
க
ண
்
ம
ு
ன
்
""
எ
ழ
ு
ந
்
த
ு
""
வ
ந
்
த
த
ு
""
""
ம
ர
ங
்
க
ள
ி
ன
்
""
ம
ு
த
ல
்
""
க
ி
ள
ை
ப
்
ப
ி
ர
ி
வ
ே
""
த
ல
ை
க
்
க
ு
""
ம
ி
க
""
உ
ய
ர
த
்
த
ி
ல
்
""
எ
ங
்
க
ோ
""
இ
ர
ு
ந
்
த
த
ு
""
""
ம
ா
ல
ை
ய
ா
க
ி
க
்
க
ொ
ண
்
ட
ி
ர
ு
ந
்
த
ம
ை
ய
ா
ல
்
""
அ
ங
்
க
ே
""
ப
ற
வ
ை
க
ள
ி
ன
்
""
ஒ
ல
ி
க
ள
்
""
ச
ே
ர
த
்
த
ொ
ட
ங
்
க
ி
ய
ி
ர
ு
ந
்
த
ன
""
""
க
ோ
ட
்
ட
ை
""
வ
ா
ய
ி
ல
ி
ல
்
""
ப
ெ
ர
ி
ய
""
அ
க
ழ
ி
""
இ
ர
ு
ந
்
த
த
ு
""
""
ச
க
ல
ப
ு
ர
ி
ய
ி
ன
்
""
ம
ண
்
""
ம
ெ
ன
்
ம
ை
ய
ா
ன
""
வ
ண
்
ட
ல
ா
ல
்
""
ஆ
ன
த
ு
""
எ
ன
்
ப
த
ன
ா
ல
்
""
அ
த
ன
்
""
க
ர
ை
க
ள
்
""
ச
ெ
ங
்
க
ு
த
்
த
ா
க
""
இ
ல
்
ல
ா
ம
ல
்
""
ச
த
ு
ப
்
ப
ு
ப
ோ
ல
""
க
ர
ை
ந
்
த
ு
""
ச
ர
ி
ந
்
த
ு
""
ச
ெ
ன
்
ற
ி
ர
ு
ந
்
த
ன
""
""
அ
க
ழ
ி
க
்
க
ு
ள
்
""
ந
ி
ற
ை
ந
்
த
ி
ர
ு
ந
்
த
""
ந
ீ
ர
ி
ன
்
""
க
ர
ை
க
ள
ி
ல
்
""
ம
ு
த
ல
ை
க
ள
்
""
க
ர
ை
ய
ொ
த
ு
ங
்
க
ி
ய
""
க
ா
ட
்
ட
ு
ம
ர
ச
்
ச
ெ
த
்
த
ை
க
ள
்
""
ப
ோ
ல
""
ந
ெ
ர
ு
க
்
க
ம
ா
க
""
ப
ட
ு
த
்
த
ி
ர
ு
ந
்
த
ன
""
""
ச
ே
ற
்
ற
ு
ந
ி
ற
ம
்
""
க
ொ
ண
்
ட
""
அ
வ
ற
்
ற
ி
ன
்
""
ச
ர
ல
்
ம
ு
த
ு
க
ி
ன
்
ம
ே
ல
்
""
ச
ி
ற
ி
ய
""
ப
ற
வ
ை
க
ள
்
""
எ
ழ
ு
ந
்
த
ு
ம
்
""
அ
ம
ர
்
ந
்
த
ு
ம
்
""
ச
ி
ற
க
ட
ி
த
்
த
ன
""
"
"
	
அ
க
ழ
ி
க
்
க
ு
ள
்
""
ம
ர
ங
்
க
ள
ை
""
ந
ட
்
ட
ு
""
அ
வ
ற
்
ற
ை
""
ப
ல
க
ை
க
ள
ா
ல
்
""
இ
ண
ை
த
்
த
ு
""
ப
ா
ல
ம
்
""
க
ட
்
ட
ி
ய
ி
ர
ு
ந
்
த
ன
ர
்
""
""
அ
ந
்
த
ப
்
ப
ா
ல
த
்
த
ு
க
்
க
ு
""
அ
ப
்
ப
ா
ல
்
""
த
ி
ற
ந
்
த
ி
ர
ு
ந
்
த
""
க
ோ
ட
்
ட
ை
வ
ா
ய
ி
ல
்
""
த
ட
ி
த
்
த
ு
ர
ு
ண
்
ட
""
ப
ெ
ர
ு
ம
ர
ங
்
க
ள
ி
ன
்
""
இ
ட
ை
வ
ெ
ள
ி
""
வ
ழ
ி
ய
ா
க
ச
்
""
ச
ெ
ன
்
ற
""
ப
ா
த
ை
ய
ை
""
க
ா
ட
்
ட
ி
ய
த
ு
""
""
க
ோ
ட
்
ட
ை
க
்
க
ு
""
வ
ா
ய
ி
ல
ெ
ன
""
ஏ
த
ு
ம
ி
ர
ு
க
்
க
வ
ி
ல
்
ல
ை
""
""
இ
த
ை
""
ம
ூ
ட
ு
வ
த
ி
ல
்
ல
ை
ய
ா
""
""
எ
ன
்
ற
ு
""
ப
ூ
ர
ி
ச
ி
ர
வ
ஸ
்
""
க
ே
ட
்
ட
ா
ன
்
""
""
ஒ
வ
்
வ
ொ
ர
ு
ந
ா
ள
ு
ம
்
""
ம
ூ
ட
ு
வ
த
ி
ல
்
ல
ை
""
இ
ள
வ
ர
ச
ே
""
""
ப
ோ
ர
்
""
எ
ன
்
ற
ா
ல
்
""
ப
ெ
ர
ி
ய
""
ம
ர
ங
்
க
ள
ை
க
்
க
ொ
ண
்
ட
ு
""
வ
ி
ர
ை
வ
ி
ல
்
""
ம
ூ
ட
ி
வ
ி
ட
ம
ு
ட
ி
ய
ு
ம
்
""
எ
ன
்
ற
ா
ன
்
""
க
ா
வ
ல
ன
்
""
"
"
	
க
ா
ட
்
ட
ு
க
்
க
ு
ள
்
""
ந
ு
ழ
ை
வ
த
ு
ப
ோ
ல
வ
ே
""
ப
ச
ு
ம
ை
ய
ி
ன
்
""
க
ு
ள
ி
ர
ு
ம
்
""
ஈ
ர
த
்
த
ி
ன
்
""
ம
ண
ம
ு
ம
்
""
வ
ந
்
த
ன
""
""
ம
ர
ங
்
க
ள
ி
ன
்
""
அ
ட
ி
த
்
த
ட
ி
க
ள
ி
ல
்
""
ப
ட
ி
ந
்
த
""
ப
ா
ச
ி
ய
ி
ன
்
""
ம
ண
ம
ு
ம
்
""
ப
ூ
ச
ண
த
்
த
ி
ன
்
""
ம
ண
ம
ு
ம
்
""
எ
ழ
ு
ந
்
த
ன
""
""
க
ோ
ட
்
ட
ை
க
்
க
ா
வ
ல
ர
ி
ன
்
""
ம
ா
ட
ங
்
க
ள
்
க
ூ
ட
""
ம
ர
ங
்
க
ள
ு
க
்
க
ு
ம
ே
ல
்
""
இ
ர
ண
்
ட
ா
ள
்
""
உ
ய
ர
த
்
த
ி
ல
்
த
ா
ன
்
""
அ
ம
ை
ந
்
த
ி
ர
ு
ந
்
த
ன
""
""
ம
ூ
ங
்
க
ி
ல
ே
ண
ி
க
ள
்
""
வ
ழ
ி
ய
ா
க
வ
ே
""
அ
வ
ர
்
க
ள
்
""
ஏ
ற
ி
""
இ
ற
ங
்
க
ி
ன
ர
்
""
""
உ
ள
்
ள
ே
""
இ
ர
ு
ள
ா
க
""
இ
ர
ு
ந
்
த
ம
ை
ய
ா
ல
்
""
ப
ந
்
த
ங
்
க
ள
்
""
எ
ர
ி
ந
்
த
ன
""
""
க
ீ
ழ
ே
""
ப
ெ
ர
ு
க
ி
ச
்
ச
ெ
ன
்
ற
""
ந
ீ
ர
ி
ல
்
""
ச
ெ
வ
்
வ
ொ
ள
ி
""
அ
ல
ை
ய
ட
ி
த
்
த
த
ு
""
""
க
ா
வ
ல
ர
்
""
ந
ோ
க
்
க
ி
""
அ
ன
ு
ப
்
ப
ு
வ
த
ற
்
க
ா
க
""
க
ா
த
்
த
ி
ர
ு
ந
்
த
""
ப
ு
ர
வ
ி
க
ள
ி
ல
்
""
ஒ
ன
்
ற
ு
""
ப
ொ
ற
ு
ம
ை
ய
ி
ழ
ந
்
த
ு
""
க
ா
ல
்
க
ள
ை
""
ம
ி
த
ி
த
்
த
ு
""
க
ன
ை
த
்
த
த
ு
""
""
ஓ
ர
்
""
அ
த
்
த
ி
ர
ி
""
ச
ி
ற
ு
ந
ீ
ர
்
""
க
ழ
ி
த
்
த
த
ு
""
"
"
	
க
ோ
ட
்
ட
ை
க
்
க
ா
வ
ல
ர
்
த
ல
ை
வ
ன
்
""
த
ன
்
""
ம
ா
ட
த
்
த
ி
ல
ி
ர
ு
ந
்
த
ு
""
இ
ற
ங
்
க
ி
வ
ந
்
த
ு
""
ப
ூ
ர
ி
ச
ி
ர
வ
ஸ
்
ஸ
ை
""
வ
ா
ழ
்
த
்
த
ி
ன
ா
ன
்
""
""
இ
ள
வ
ர
ச
ே
""
""
த
ங
்
க
ள
்
""
வ
ர
ு
க
ை
க
்
க
ா
க
""
அ
ர
ண
்
ம
ன
ை
""
க
ா
த
்
த
ி
ர
ு
க
்
க
ி
ற
த
ு
""
""
இ
ள
வ
ர
ச
ர
்
""
ர
ு
க
்
ம
ர
த
ர
ு
ம
்
""
அ
ம
ை
ச
்
ச
ர
்
""
ச
ு
த
ீ
ர
ர
ு
ம
்
""
அ
ர
ண
்
ம
ன
ை
""
ம
ு
ற
்
ற
த
்
த
ி
ல
்
""
த
ங
்
க
ள
ை
""
வ
ர
வ
ே
ற
்
ப
ர
்
""
எ
ன
்
ற
ா
ன
்
""
""
ப
ூ
ர
ி
ச
ி
ர
வ
ஸ
்
""
இ
ர
ு
ண
்
ட
ி
ர
ு
ந
்
த
""
க
ோ
ட
்
ட
ை
வ
ா
ய
ி
ல
்
""
வ
ழ
ி
ய
ா
க
""
ச
ெ
ன
்
ற
ு
""
ம
ற
ு
ப
க
்
க
ம
்
""
த
ி
ற
ந
்
த
""
ந
க
ர
்
ம
ு
ற
்
ற
த
்
த
ை
""
அ
ட
ை
ந
்
த
ப
ோ
த
ு
""
க
ண
்
க
ள
ு
க
்
க
ு
ள
்
""
ஒ
ள
ி
""
ப
ெ
ர
ு
க
ி
ய
த
ை
ப
்
ப
ோ
ல
்
""
உ
ண
ர
்
ந
்
த
ா
ன
்
""
""
ஆ
ன
ா
ல
்
""
வ
ி
ர
ை
ந
்
த
ு
""
அ
ந
்
த
ி
""
ச
ர
ி
ந
்
த
ு
க
ொ
ண
்
ட
ி
ர
ு
ந
்
த
த
ு
""
""
த
ர
ை
""
ந
ீ
ர
்
""
ப
ர
வ
ி
""
வ
ா
ன
ை
""
க
ா
ட
்
ட
ி
ய
ம
ை
ய
ா
ல
்
த
ா
ன
்
""
அ
ந
்
த
""
வ
ெ
ள
ி
ச
்
ச
ம
்
""
எ
ன
""
அ
வ
ன
்
""
உ
ண
ர
்
ந
்
த
ா
ன
்
""
"
"
	
ந
க
ர
்
""
ம
ு
ழ
ு
க
்
க
""
ம
ர
ப
்
ப
ட
்
ட
ை
க
ள
ா
ல
்
த
ா
ன
்
""
ச
ா
ல
ை
""
அ
ம
ை
க
்
க
ப
்
ப
ட
்
ட
ி
ர
ு
ந
்
த
த
ு
""
""
ந
க
ர
ெ
ங
்
க
ு
ம
்
""
ஊ
ற
ி
ப
்
""
ப
ெ
ர
ு
க
ி
ய
""
ச
ி
ற
்
ற
ோ
ட
ை
க
ள
்
""
இ
ண
ை
ந
்
த
ு
""
ஒ
ள
ி
ய
ா
க
""
வ
ழ
ி
ந
்
த
ோ
ட
ி
""
க
ா
ன
்
க
ோ
ட
்
ட
ை
ய
ை
""
ஊ
ட
ு
ர
ு
வ
ி
""
ம
ற
ு
ப
க
்
க
ம
்
""
அ
ச
ி
க
்
ன
ி
""
ந
ோ
க
்
க
ி
""
ச
ெ
ன
்
ற
ன
""
""
அ
ப
்
ப
ோ
த
ு
த
ா
ன
்
""
அ
ந
்
த
""
க
ா
ன
்
க
ோ
ட
்
ட
ை
ய
ி
ன
்
""
ப
ண
ி
""
அ
வ
ன
ு
க
்
க
ு
ப
்
ப
ு
ர
ி
ந
்
த
த
ு
""
""
வ
ே
ற
ெ
ந
்
த
""
க
ோ
ட
்
ட
ை
ய
ா
க
""
இ
ர
ு
ந
்
த
ா
ல
ு
ம
்
""
ந
க
ர
ி
ல
்
""
ப
ெ
ர
ு
க
ு
ம
்
""
அ
ந
்
த
""
ந
ீ
ர
ை
""
த
ட
ு
க
்
க
ம
ு
ய
ன
்
ற
ு
""
வ
ல
ு
வ
ி
ழ
க
்
க
ு
ம
்
""
""
க
ட
்
ட
ட
ங
்
க
ள
்
""
அ
ன
ை
த
்
த
ு
ம
்
""
வ
ல
ு
வ
ா
ன
""
ம
ர
ங
்
க
ள
ை
""
ந
ட
்
ட
ு
""
அ
த
ன
்
ம
ே
ல
்
""
இ
ர
ண
்
ட
ா
ள
்
""
உ
ய
ர
த
்
த
ி
ல
்
""
அ
ம
ை
க
்
க
ப
்
ப
ட
்
ட
ி
ர
ு
ந
்
த
ன
""
""
ம
ூ
ங
்
க
ி
ல
்
""
ஏ
ண
ி
க
ள
ி
ல
்
""
ம
க
்
க
ள
்
""
ஏ
ற
ி
ய
ி
ற
ங
்
க
ி
க
்
க
ொ
ண
்
ட
ி
ர
ு
ந
்
த
ன
ர
்
""
""
அ
ர
ச
ப
்
ப
ெ
ர
ு
வ
ீ
த
ி
""
ஒ
ர
ு
""
க
ா
ட
்
ட
ு
ப
்
ப
ா
த
ை
""
ப
ோ
ல
""
இ
ர
ு
ப
க
்
க
ம
ு
ம
்
""
எ
ழ
ு
ந
்
த
""
ம
ர
ங
்
க
ள
ி
ன
்
""
க
ி
ள
ை
க
ள
்
""
வ
ந
்
த
ு
""
க
ூ
ர
ை
ய
ி
ட
""
ந
ீ
ண
்
ட
ு
""
ச
ெ
ன
்
ற
த
ு
""
"
"
	
அ
ங
்
க
ா
ட
ி
த
்
த
ெ
ர
ு
வ
ு
ம
்
""
ச
ா
ல
ம
ர
ங
்
க
ள
ு
க
்
க
ு
""
ம
ே
ல
்
த
ா
ன
்
""
அ
ம
ை
ந
்
த
ி
ர
ு
ந
்
த
த
ு
""
""
த
ர
ை
த
்
த
ள
த
்
த
ி
ல
்
""
ம
ர
ப
்
ப
ட
்
ட
ை
க
்
க
ூ
ர
ை
க
ள
்
""
இ
ட
ப
்
ப
ட
்
ட
""
ச
ி
ற
ி
ய
""
வ
ி
ற
்
ப
ன
ை
""
ந
ி
ல
ை
க
ள
்
""
ம
ட
்
ட
ு
ம
ே
""
இ
ர
ு
ந
்
த
ன
""
""
ப
ண
்
ட
க
ச
ா
ல
ை
க
ள
்
""
ம
ர
ங
்
க
ள
ு
க
்
க
ு
ம
ே
ல
்
""
ம
ர
ப
்
ப
ட
்
ட
ை
க
்
""
க
ூ
ர
ை
க
ள
ு
ட
ன
்
""
க
ோ
ட
்
ட
ை
ப
ோ
ல
""
ச
ூ
ழ
்
ந
்
த
ு
""
வ
ள
ை
ந
்
த
ு
""
ச
ெ
ன
்
ற
ன
""
""
ப
ூ
ர
ி
ச
ி
ர
வ
ஸ
்
""
வ
ி
ய
ப
்
ப
ு
ட
ன
்
""
அ
ந
்
த
க
்
""
க
ா
ன
க
ந
க
ர
ை
""
ந
ோ
க
்
க
ி
ய
ப
ட
ி
""
ச
ெ
ன
்
ற
ா
ன
்
""
""
ப
ெ
ர
ு
ம
ழ
ை
க
்
க
ா
ல
த
்
த
ி
ல
்
""
அ
ச
ி
க
்
ன
ி
""
ப
ெ
ர
ு
க
ி
""
ந
க
ர
ி
ல
்
""
ந
ி
ற
ை
ய
ு
ம
்
""
எ
ன
""
உ
ண
ர
ம
ு
ட
ி
ந
்
த
த
ு
""
""
அ
ப
்
ப
ோ
த
ு
""
ப
ட
க
ு
க
ள
்
""
வ
ழ
ி
ய
ா
க
""
த
ொ
ட
ர
்
ப
ு
க
ொ
ள
்
வ
ா
ர
்
க
ள
்
""
எ
ன
""
எ
ண
்
ண
ி
ய
த
ு
ம
ே
""
ம
ெ
ன
்
ம
ர
ங
்
க
ள
ி
ல
்
""
க
ு
ட
ை
ய
ப
்
ப
ட
்
ட
""
ச
ி
ற
ி
ய
""
ப
ட
க
ு
க
ள
்
""
ஒ
வ
்
வ
ொ
ர
ு
""
வ
ீ
ட
்
ட
ி
ல
ு
ம
்
""
ம
ர
க
்
க
ி
ள
ை
க
ள
ி
ல
்
""
க
ட
்
ட
ி
வ
ை
க
்
க
ப
்
ப
ட
்
ட
ி
ர
ு
ப
்
ப
த
ை
""
க
ண
்
ட
ா
ன
்
""
""
அ
ப
்
ப
ோ
த
ு
""
ச
க
ல
ப
ு
ர
ி
""
ம
ி
த
க
்
க
ு
ம
்
""
ந
க
ர
ம
ெ
ன
""
ந
ீ
ர
ு
க
்
க
ு
ம
ே
ல
்
""
ந
ி
ன
்
ற
ி
ர
ு
க
்
க
க
்
க
ூ
ட
ு
ம
்
""
"
"
	
இ
ற
ு
த
ி
வ
ண
ி
க
வ
ா
ர
ம
்
""
எ
ன
்
ப
த
ன
ா
ல
்
""
அ
ங
்
க
ா
ட
ி
த
்
த
ெ
ர
ு
வ
ெ
ங
்
க
ு
ம
்
""
அ
த
்
த
ி
ர
ி
க
ள
ு
ம
்
""
க
ழ
ு
த
ை
க
ள
ு
ம
்
""
ச
ு
ம
ை
வ
ண
்
ட
ி
க
ள
ு
ம
்
""
ந
ி
ற
ை
ந
்
த
ி
ர
ு
ந
்
த
ன
""
""
வ
ண
ி
க
ம
்
""
ம
ு
ன
்
ன
ர
ே
""
ம
ு
ட
ி
ந
்
த
ு
வ
ி
ட
்
ட
ி
ர
ு
ந
்
த
த
ு
""
""
வ
ி
ல
ங
்
க
ு
க
ள
்
""
க
ொ
ண
்
ட
ு
வ
ந
்
த
""
ப
ொ
ர
ு
ட
்
க
ள
ை
""
ம
ே
ல
ே
""
க
ொ
ண
்
ட
ு
ச
ெ
ன
்
ற
ு
க
ொ
ண
்
ட
ி
ர
ு
ந
்
த
ன
ர
்
""
""
அ
த
ற
்
க
ு
ம
்
""
வ
ி
ல
ங
்
க
ு
க
ள
ை
ய
ே
""
ப
ய
ன
்
ப
ட
ு
த
்
த
ி
ன
ர
்
""
""
வ
ி
ல
ங
்
க
ு
க
ள
்
""
வ
ட
ங
்
க
ள
ை
""
இ
ழ
ு
க
்
க
""
ச
க
ட
ை
""
வ
ழ
ி
ய
ா
க
""
ச
ெ
ன
்
ற
""
அ
வ
ற
்
ற
ை
""
ம
ற
ு
ப
க
்
க
ம
்
""
ச
ா
ய
்
வ
ா
ன
""
ப
ா
த
ை
ய
ா
க
""
ம
ே
ல
ே
ற
ி
ச
்
""
ச
ெ
ன
்
ற
""
ம
ர
ப
்
ப
ா
த
ை
ய
ி
ல
்
""
உ
ர
ு
ள
ை
ச
்
ச
க
ட
ங
்
க
ள
ு
ட
ன
்
""
இ
ர
ு
ந
்
த
""
ப
ொ
த
ி
வ
ண
்
ட
ி
க
ள
்
""
த
ூ
க
்
க
ி
""
ம
ே
ல
ே
ற
்
ற
ி
க
்
க
ொ
ண
்
ட
ு
ச
ெ
ன
்
ற
ன
""
""
ம
ே
ல
ே
""
ந
ி
ன
்
ற
""
வ
ீ
ர
ர
்
க
ள
்
""
க
ூ
ச
்
ச
ல
ி
ட
்
ட
ப
ட
ி
""
த
ூ
க
்
க
ி
""
ப
ண
்
ட
க
ச
ா
ல
ை
க
்
க
ு
ள
்
""
உ
ர
ு
ட
்
ட
ி
ச
்
ச
ெ
ன
்
ற
ன
ர
்
""
""
ஒ
ழ
ி
ந
்
த
""
ப
ொ
த
ி
வ
ண
்
ட
ி
க
ள
்
""
ம
ற
ு
ப
க
்
க
ம
்
""
ச
க
ட
ங
்
க
ள
்
""
த
ட
த
ட
க
்
க
""
இ
ற
ங
்
க
ி
""
வ
ந
்
த
ன
""
"
"
	
இ
ர
ு
ள
்
""
வ
ி
ர
ை
வ
ி
ல
ே
ய
ே
""
க
வ
ி
ந
்
த
ு
வ
ி
ட
்
ட
த
ு
""
""
இ
ல
்
ல
ங
்
க
ள
ு
ம
்
""
அ
ங
்
க
ா
ட
ி
க
ள
ு
ம
்
""
ப
ந
்
த
ங
்
க
ள
ா
ல
ு
ம
்
""
வ
ி
ள
க
்
க
ு
க
ள
ா
ல
ு
ம
்
""
ஒ
ள
ி
க
ொ
ண
்
ட
ன
""
""
ந
க
ர
ம
ே
""
ம
ர
க
்
க
ூ
ட
்
ட
ங
்
க
ள
ு
க
்
க
ு
ள
்
""
இ
ர
ு
ந
்
த
ம
ை
ய
ா
ல
்
""
க
ு
ள
ி
ர
்
க
ா
ற
்
ற
ு
""
ப
ெ
ர
ு
ம
்
ப
ா
ல
ு
ம
்
""
த
ட
ு
க
்
க
ப
்
ப
ட
்
ட
ி
ர
ு
ந
்
த
த
ு
""
""
ம
ர
ங
்
க
ள
ி
ன
்
""
த
ழ
ை
ப
்
ப
ு
க
்
க
ு
ள
்
""
இ
ர
ு
ள
்
""
க
ு
ள
ி
ர
ு
ட
ன
்
""
க
ல
ந
்
த
ு
""
த
ே
ங
்
க
ி
""
எ
ட
ை
க
ொ
ள
்
ள
த
்
த
ொ
ட
ங
்
க
ி
ய
த
ு
""
""
ச
க
ல
ப
ு
ர
த
்
த
ி
ன
்
""
ஆ
ல
ய
ங
்
க
ள
்
""
க
ூ
ட
""
ம
ர
ங
்
க
ள
ு
க
்
க
ு
ம
ே
ல
்
த
ா
ன
்
""
அ
ம
ை
ந
்
த
ி
ர
ு
ந
்
த
ன
""
""
ந
ூ
ற
்
ற
ு
க
்
க
ண
க
்
க
ா
ன
""
வ
ெ
ண
்
க
ல
""
ம
ண
ி
க
ள
்
""
ச
ூ
ழ
்
ந
்
த
ு
""
த
ொ
ங
்
க
ி
ய
""
ஏ
ழ
ன
்
ன
ை
ய
ர
்
""
ஆ
ல
ய
த
்
த
ி
ல
்
""
ப
ூ
ச
க
ர
்
""
ச
ு
ட
ர
ா
ட
்
ட
ு
""
ச
ெ
ய
்
ய
த
்
த
ொ
ட
ங
்
க
ி
ன
ா
ர
்
""
""
ம
ண
ி
க
ள
ி
ன
்
""
ப
ே
ர
ொ
ல
ி
""
ச
ூ
ழ
""
அ
ன
்
ன
ை
ய
ர
்
""
வ
ி
ழ
ி
ய
ொ
ள
ி
ர
""
ந
ோ
க
்
க
ி
""
அ
ம
ர
்
ந
்
த
ி
ர
ு
ந
்
த
ன
ர
்
""
""
அ
த
ை
த
்
த
ொ
ட
ர
்
ந
்
த
ு
""
ந
க
ர
ம
ெ
ங
்
க
ு
ம
்
""
ப
ல
்
வ
ே
ற
ு
""
ஆ
ல
ய
ங
்
க
ள
ி
ல
்
""
ம
ண
ி
க
ள
்
""
ம
ு
ழ
ங
்
க
த
்
த
ொ
ட
ங
்
க
ி
ன
""
"
"
	
அ
ர
ச
ப
்
ப
ெ
ர
ு
வ
ீ
த
ி
ய
ி
ன
்
""
ம
ு
ட
ி
வ
ி
ல
்
""
ஓ
ங
்
க
ி
ய
""
த
ே
வ
த
ா
ர
ு
க
்
க
ூ
ட
்
ட
த
்
த
ி
ன
்
""
ம
ே
ல
்
""
அ
ர
ண
்
ம
ன
ை
க
ள
்
""
அ
ம
ை
ந
்
த
ி
ர
ு
ந
்
த
ன
""
""
அ
வ
ற
்
ற
ி
ன
்
""
அ
த
்
த
ன
ை
""
ச
ா
ள
ர
ங
்
க
ள
ு
ம
்
""
ந
ெ
ய
்
வ
ி
ள
க
்
க
ு
க
ள
ா
ல
ு
ம
்
""
ப
ந
்
த
ங
்
க
ள
ா
ல
ு
ம
்
""
ஒ
ள
ி
ப
ெ
ற
""
க
ா
ல
ை
வ
ா
ன
ி
ல
்
""
எ
ழ
ு
ந
்
த
""
ச
ெ
ம
்
ம
ு
க
ி
ல
்
""
ப
ோ
ல
ி
ர
ு
ந
்
த
த
ு
""
அ
ர
ண
்
ம
ன
ை
த
்
த
ொ
க
ை
""
""
அ
ண
்
ண
ா
ந
்
த
ு
""
ந
ோ
க
்
க
ி
ய
ப
ட
ி
ய
ே
""
ச
ெ
ல
்
ல
ச
்
ச
ெ
ல
்
ல
""
அ
த
ு
""
எ
ப
்
ப
ட
ி
""
இ
ய
ன
்
ற
த
ு
""
எ
ன
்
ற
""
வ
ி
ய
ப
்
ப
ே
""
அ
வ
ன
ு
ள
்
""
ந
ி
ற
ை
ந
்
த
ி
ர
ு
ந
்
த
த
ு
""
""
இ
ர
ு
ப
த
ு
க
்
க
ு
ம
்
""
ம
ே
ற
்
ப
ட
்
ட
""
ம
ர
க
்
க
ட
்
ட
ட
ங
்
க
ள
்
""
த
ே
வ
த
ா
ர
ு
""
ம
ர
ங
்
க
ள
ு
க
்
க
ு
ம
ே
ல
்
""
அ
ம
ை
ந
்
த
ி
ர
ு
ந
்
த
ன
""
""
ம
ு
த
ன
்
ம
ை
ய
ா
க
""
இ
ர
ு
ந
்
த
""
ம
ா
ள
ி
க
ை
""
ஏ
ழ
ட
ு
க
்
க
ு
""
க
ொ
ண
்
ட
த
ு
""
""
இ
ர
ு
ப
க
்
க
ம
ு
ம
்
""
ம
ூ
ன
்
ற
ட
ு
க
்
க
ு
""
ம
ா
ள
ி
க
ை
க
ள
்
""
இ
ர
ண
்
ட
ு
""
இ
ர
ு
ந
்
த
ன
""
"
"
	
அ
ர
ண
்
ம
ன
ை
க
்
க
ு
க
்
""
க
ீ
ழ
ே
""
ச
ா
ல
ம
ர
ங
்
க
ள
ை
""
இ
ண
ை
த
்
த
ு
க
்
க
ட
்
ட
ப
்
ப
ட
்
ட
""
உ
ட
்
க
ோ
ட
்
ட
ை
வ
ா
ய
ி
ல
ி
ன
்
""
ம
ு
ன
்
ன
ா
ல
்
""
ர
ு
க
்
ம
ர
த
ன
ு
ம
்
""
ச
ு
த
ீ
ர
ர
ு
ம
்
""
அ
வ
ன
ு
க
்
க
ா
க
""
க
ா
த
்
த
ி
ர
ு
ந
்
த
ன
ர
்
""
""
ந
ெ
ய
்
ப
்
ப
ந
்
த
ங
்
க
ள
்
""
ஏ
ந
்
த
ி
ய
""
க
ா
வ
ல
ர
்
""
இ
ர
ு
ப
க
்
க
ம
ு
ம
்
""
வ
ர
""
ம
ு
ர
ச
ு
க
ள
ு
ம
்
""
க
ொ
ம
்
ப
ு
க
ள
ு
ம
்
""
ம
ண
ி
க
ள
ு
ம
்
""
ம
ு
ழ
ங
்
க
""
அ
வ
ர
்
க
ள
்
""
வ
ந
்
த
ு
""
அ
வ
ன
ை
""
எ
த
ி
ர
்
க
ொ
ண
்
ட
ன
ர
்
""
""
க
ா
வ
ல
ர
்
க
ள
ு
ம
்
""
ஏ
வ
ல
ர
்
க
ள
ு
ம
்
""
அ
வ
ன
ை
""
வ
ா
ழ
்
த
்
த
ி
""
க
ு
ர
ல
ெ
ழ
ு
ப
்
ப
ி
ன
ர
்
""
""
அ
வ
ன
்
""
ப
ு
ர
வ
ி
ய
ி
ல
ி
ர
ு
ந
்
த
ு
""
இ
ற
ங
்
க
ி
ய
த
ு
ம
்
""
ர
ு
க
்
ம
ர
த
ன
்
""
வ
ந
்
த
ு
""
வ
ர
ு
க
""
""
ப
ா
ல
்
ஹ
ி
க
ர
ி
ன
்
""
வ
ர
ு
க
ை
ய
ா
ல
்
""
ச
க
ல
ப
ு
ர
ி
""
உ
வ
க
ை
க
ொ
ள
்
க
ி
ற
த
ு
""
எ
ன
்
ற
ு
""
ம
ு
க
ம
ன
்
""
ச
ொ
ல
்
ல
ி
""
அ
ண
ை
த
்
த
ு
க
்
க
ொ
ண
்
ட
ா
ன
்
""
""
அ
வ
ன
்
""
ச
ு
த
ீ
ர
ர
ை
""
வ
ண
ங
்
க
ி
""
ம
ு
க
ம
ன
்
""
ச
ொ
ன
்
ன
ா
ன
்
""
""
அ
வ
ர
்
க
ள
்
""
அ
வ
ன
ை
""
அ
ழ
ை
த
்
த
ு
க
்
க
ொ
ண
்
ட
ு
""
ம
ர
ப
்
ப
ட
ி
க
ள
ி
ல
்
""
ஏ
ற
ி
""
ம
ே
ல
ே
""
ம
ா
ள
ி
க
ை
ம
ு
க
ப
்
ப
ு
க
்
க
ு
""
ச
ெ
ன
்
ற
ன
ர
்
""
"
"
	
அ
த
்
த
ன
ை
""
ம
ா
ள
ி
க
ை
க
ள
ு
ம
்
""
க
ய
ி
ற
ு
க
ள
ா
ல
்
""
க
ட
்
ட
ி
""
இ
ண
ை
க
்
க
ப
்
ப
ட
்
ட
""
ம
ர
ப
்
ப
ல
க
ை
""
இ
ட
ை
ந
ா
ழ
ி
ய
ா
ல
்
""
இ
ண
ை
க
்
க
ப
்
ப
ட
்
ட
ி
ர
ு
ந
்
த
ன
""
""
ம
ர
ங
்
க
ள
்
""
க
ா
ற
்
ற
ி
ல
ா
ட
ு
வ
த
ற
்
க
ு
""
இ
ட
ம
ள
ி
ப
்
ப
த
ற
்
க
ா
க
""
அ
வ
ை
""
ந
ெ
க
ி
ழ
்
வ
ா
க
வ
ே
""
க
ட
்
ட
ப
்
ப
ட
்
ட
ி
ர
ு
ந
்
த
ம
ை
ய
ா
ல
்
""
ப
ெ
ர
ி
ய
""
ம
ர
க
்
க
ல
ம
ொ
ன
்
ற
ி
ல
்
""
ந
ி
ன
்
ற
ு
க
ொ
ண
்
ட
ி
ர
ு
க
்
க
ு
ம
்
""
உ
ண
ர
்
வ
ை
ய
ே
""
ப
ூ
ர
ி
ச
ி
ர
வ
ஸ
்
""
அ
ட
ை
ந
்
த
ா
ன
்
""
""
ம
ே
ல
ே
""
ம
ு
த
ன
்
ம
ை
""
ம
ா
ள
ி
க
ை
ய
ி
ன
்
""
ப
ெ
ர
ு
ம
ண
்
ட
ப
த
்
த
ி
ல
்
""
அ
ர
ச
வ
ை
""
க
ூ
ட
ி
ய
ி
ர
ு
க
்
க
ி
ற
த
ு
""
""
த
ந
்
த
ை
ய
ா
ர
்
""
த
ங
்
க
ள
ை
""
த
ூ
த
ர
்
ம
ா
ள
ி
க
ை
க
்
க
ு
""
க
ூ
ட
்
ட
ி
ச
்
ச
ெ
ன
்
ற
ு
""
ந
ீ
ர
ா
ட
ி
""
உ
ண
வ
ர
ு
ந
்
த
வ
ை
க
்
க
ு
ம
்
ப
ட
ி
""
எ
ன
்
ன
ி
ட
ம
்
""
ஆ
ண
ை
ய
ி
ட
்
ட
ா
ர
்
""
எ
ன
்
ற
ா
ன
்
""
ர
ு
க
்
ம
ர
த
ன
்
""
""
த
ா
ங
்
க
ள
்
""
வ
ி
ர
ு
ம
்
ப
ி
ன
ா
ல
்
""
இ
ன
்
ற
ே
""
அ
வ
ை
ய
ி
ல
்
""
க
ல
ந
்
த
ு
க
ொ
ள
்
ள
ல
ா
ம
்
""
""
இ
ல
்
ல
ை
ய
ே
ல
்
""
ந
ா
ள
ை
""
க
ா
ல
ை
""
ந
ி
க
ழ
ு
ம
்
""
ப
ொ
த
ு
க
்
க
ு
ட
ி
ய
வ
ை
ய
ி
ல
்
""
க
ல
ந
்
த
ு
க
ொ
ள
்
ள
ல
ா
ம
்
""
"
"
	
ந
ா
ன
்
""
இ
ன
்
ற
ே
""
வ
ந
்
த
ு
வ
ி
ட
ு
க
ி
ற
ே
ன
்
""
""
அ
ர
ை
ந
ா
ழ
ி
க
ை
ய
ி
ல
்
""
ந
ீ
ர
ா
ட
ி
""
உ
ட
ை
ம
ா
ற
்
ற
ி
வ
ி
ட
ு
வ
ே
ன
்
""
எ
ன
்
ற
ா
ன
்
""
ப
ூ
ர
ி
ச
ி
ர
வ
ஸ
்
""
""
ந
ா
ன
்
க
ு
ந
ா
ட
்
க
ள
ா
க
""
அ
ர
ண
்
ம
ன
ை
""
க
ள
ி
வ
ெ
ற
ி
ய
ி
ல
்
""
இ
ர
ு
க
்
க
ி
ற
த
ு
""
இ
ள
வ
ர
ச
ே
""
""
இ
ர
வ
ு
ம
்
""
ப
க
ல
ு
ம
்
""
ம
ற
ை
ந
்
த
ு
வ
ி
ட
்
ட
ன
""
எ
ன
்
ற
ா
ர
்
""
ச
ு
த
ீ
ர
ர
்
""
""
இ
ந
்
த
""
ந
ா
ட
்
க
ள
்
""
ம
த
்
ர
வ
ர
ல
ா
ற
்
ற
ி
ல
்
""
எ
ன
்
ற
ு
ம
்
""
ந
ி
ன
ை
க
்
க
ப
்
ப
ட
ு
ம
்
""
""
அ
ஸ
்
த
ி
ன
ப
ு
ர
ி
க
்
க
ு
""
ம
த
்
ர
ந
ா
ட
்
ட
ு
""
இ
ள
வ
ர
ச
ி
""
ம
ண
ம
க
ள
ா
க
ச
்
""
ச
ெ
ல
்
வ
த
ெ
ன
்
ப
த
ு
""
ந
ல
்
ல
ூ
ழ
்
""
அ
ன
்
ற
ி
""
வ
ே
ற
ெ
ன
்
ன
""
""
அ
த
்
த
ன
ை
""
ஒ
ல
ி
க
ள
ு
ம
்
""
ந
ி
ன
்
ற
ு
""
ச
ெ
வ
ி
க
ள
ை
""
உ
ள
்
ள
ி
ர
ு
ந
்
த
ு
""
அ
ழ
ு
த
்
த
ு
ம
்
""
அ
ம
ை
த
ி
""
ஒ
ன
்
ற
ு
""
த
ன
்
ன
ு
ள
்
""
எ
ழ
ு
ந
்
த
த
ை
""
உ
ண
ர
்
ந
்
த
""
ப
ூ
ர
ி
ச
ி
ர
வ
ஸ
்
""
அ
த
ை
""
த
ன
்
ன
ு
ள
்
""
அ
ட
க
்
க
ி
""
ம
ு
க
த
்
த
ை
""
இ
ய
ல
்
ப
ா
க
""
வ
ை
த
்
த
ப
ட
ி
""
ந
ல
்
ல
""
ச
ெ
ய
்
த
ி
""
""
இ
ள
வ
ர
ச
ி
""
எ
ன
்
ற
ா
ல
்
""
ய
ா
ர
்
""
""
எ
ன
்
ற
ா
ன
்
""
"
"
	
இ
த
ெ
ன
்
ன
""
வ
ி
ன
ா
""
ப
ா
ல
்
ஹ
ி
க
ர
ே
""
""
ம
த
்
ர
ந
ா
ட
்
ட
ி
ன
்
""
ம
ு
த
ன
்
ம
ை
""
இ
ள
வ
ர
ச
ி
""
உ
த
்
த
ர
ம
த
்
ர
த
்
த
ை
""
ஆ
ள
ு
ம
்
""
த
ி
ய
ு
த
ி
ம
ா
ன
ர
ி
ன
்
""
ம
க
ள
்
""
வ
ி
ஜ
ய
ை
""
அ
ல
்
ல
வ
ா
""
""
எ
ன
்
ற
ா
ர
்
""
ச
ு
த
ீ
ர
ர
்
""
""
அ
ஸ
்
த
ி
ன
ப
ு
ர
ி
ய
ி
ல
்
""
இ
ர
ு
ந
்
த
ு
""
வ
ி
த
ு
ர
ர
ே
""
அ
ர
ச
ப
்
ப
ட
ை
க
ள
ு
ட
ன
ு
ம
்
""
ம
ங
்
க
ல
ப
்
ப
ர
ி
ச
ு
க
ள
ு
ட
ன
ு
ம
்
""
ந
ே
ர
ி
ல
்
""
வ
ந
்
த
ு
""
ப
ா
ண
்
ட
ு
வ
ி
ன
்
""
ம
ை
ந
்
த
ர
்
""
ச
க
த
ே
வ
ன
ு
க
்
க
ா
க
""
வ
ி
ஜ
ய
ை
ய
ை
""
ம
க
ற
்
க
ொ
ட
ை
""
க
ே
ட
்
ட
ா
ர
்
""
""
ம
ற
ு
ச
ொ
ல
்
""
ச
ொ
ல
்
ல
""
எ
ன
்
ன
""
இ
ர
ு
க
்
க
ி
ற
த
ு
""
""
அ
வ
ர
த
ு
""
ம
ு
ற
ை
ப
்
ப
ெ
ண
்
""
அ
ல
்
ல
வ
ா
""
வ
ி
ஜ
ய
ை
""
""
க
வ
ர
்
ந
்
த
ு
ச
ெ
ல
்
ல
வ
ு
ம
்
""
உ
ர
ி
ம
ை
""
உ
ண
்
ட
ெ
ன
்
ற
ல
்
ல
வ
ா
""
ந
ூ
ல
்
க
ள
்
""
ச
ொ
ல
்
க
ி
ன
்
ற
ன
""
""
எ
ன
்
ற
ா
ர
்
""
ச
ு
த
ீ
ர
ர
்
""
""
ச
ெ
ய
்
த
ி
ய
ை
க
்
""
க
ே
ட
்
ட
த
ு
ம
ே
""
அ
ர
ச
ர
்
""
அ
ர
ி
ய
ண
ை
வ
ி
ட
்
ட
ு
""
எ
ழ
ு
ந
்
த
ு
""
இ
ர
ு
""
க
ை
க
ள
ை
ய
ு
ம
்
""
வ
ி
ர
ி
த
்
த
ு
க
்
க
ொ
ண
்
ட
ு
""
வ
ி
த
ு
ர
ர
ை
""
ந
ோ
க
்
க
ி
ச
்
""
ச
ெ
ன
்
ற
ு
""
ம
த
்
ர
ம
்
""
ம
ூ
த
ா
த
ை
ய
ர
ா
ல
்
""
வ
ா
ழ
்
த
்
த
ப
்
ப
ட
ு
க
ி
ற
த
ு
""
எ
ன
்
ற
ு
""
க
ூ
வ
ி
ன
ா
ர
்
""
""
அ
ப
்
ப
ோ
த
ே
""
இ
ட
ப
்
ப
க
்
க
ம
்
""
த
ி
ர
ு
ம
்
ப
ி
""
அ
ட
ை
ப
்
ப
க
்
க
ா
ர
ன
ி
ன
்
""
க
ை
ய
ி
ல
்
""
இ
ர
ு
ந
்
த
ு
""
வ
ெ
ற
்
ற
ி
ல
ை
ய
ை
ய
ு
ம
்
""
ம
ஞ
்
ச
ள
ை
ய
ு
ம
்
""
வ
ா
ங
்
க
ி
""
வ
ி
த
ு
ர
ர
ு
க
்
க
ு
""
க
ை
ய
ள
ி
த
்
த
ு
""
ம
ண
வ
ு
ற
ு
த
ி
ய
ு
ம
்
""
ச
ெ
ய
்
த
ு
க
ொ
ண
்
ட
ா
ர
்
""
"
"
	
ச
ு
த
ீ
ர
ர
்
""
ம
ி
க
ந
ு
ட
்
ப
ம
ா
க
""
அ
ச
்
ச
ொ
ற
்
க
ள
ை
""
அ
ம
ை
க
்
க
ி
ற
ா
ர
்
""
எ
ன
""
ப
ூ
ர
ி
ச
ி
ர
வ
ஸ
்
""
உ
ண
ர
்
ந
்
த
ா
ன
்
""
""
இ
ய
ல
்
ப
ா
க
""
எ
ழ
ு
ம
்
""
ச
ொ
ற
்
க
ள
ெ
ன
""
ஒ
ல
ி
த
்
த
ா
ல
ு
ம
்
""
அ
வ
ை
""
ச
ொ
ல
்
ல
வ
ே
ண
்
ட
ி
ய
""
அ
ன
ை
த
்
த
ை
ய
ு
ம
்
""
ம
ு
ன
்
வ
ை
த
்
த
ன
""
""
ச
ெ
ய
்
த
ி
ய
ற
ி
ந
்
த
""
க
ண
ம
்
""
ம
ு
த
ல
்
""
ம
த
்
ர
ந
ா
ட
்
ட
ி
ல
்
""
அ
ட
ு
ப
்
ப
ு
க
ள
்
""
த
ோ
ற
ு
ம
்
""
இ
ன
ி
ப
்
ப
ு
க
ள
்
""
வ
ே
க
ி
ன
்
ற
ன
""
""
ம
த
ு
க
்
க
ு
ட
ங
்
க
ள
்
""
அ
ன
ை
த
்
த
ு
ம
்
""
வ
ெ
ள
ி
வ
ந
்
த
ு
வ
ி
ட
்
ட
ன
""
""
அ
ட
ு
த
்
த
""
ம
ு
ழ
ு
ந
ி
ல
வ
ு
ந
ா
ள
ி
ல
்
""
ம
ண
ம
்
க
ொ
ள
்
ள
""
ச
க
த
ே
வ
ர
்
""
வ
ர
ப
்
ப
ோ
வ
த
ா
க
""
இ
ன
்
ற
ு
""
ச
ெ
ய
்
த
ி
""
வ
ந
்
த
ி
ர
ு
க
்
க
ி
ற
த
ு
""
""
அ
த
ற
்
க
ு
""
ப
ா
ல
்
ஹ
ி
க
""
ந
ா
ட
்
ட
ர
ச
ர
்
க
ள
்
""
அ
ன
ை
வ
ர
ு
ம
்
""
வ
ர
வ
ே
ண
்
ட
ு
ம
ெ
ன
""
அ
ர
ச
ர
்
""
வ
ி
ழ
ை
க
ி
ற
ா
ர
்
""
""
ம
ண
ச
்
ச
ெ
ய
்
த
ி
""
வ
ந
்
த
""
ந
ா
ள
ி
ல
ே
ய
ே
""
த
ா
ங
்
க
ள
ு
ம
்
""
வ
ந
்
த
ி
ர
ு
க
்
க
ி
ற
ீ
ர
்
க
ள
்
""
எ
ன
்
ப
த
ை
ப
்
ப
ோ
ல
""
ந
ன
்
ன
ி
ம
ி
த
்
த
ம
்
""
இ
ர
ு
க
்
க
ம
ு
ட
ி
ய
ா
த
ு
""
எ
ன
்
ற
ா
ர
்
""
ச
ு
த
ீ
ர
ர
்
""
""
வ
ர
ு
க
""
இ
ள
வ
ர
ச
ே
""
""
த
ங
்
க
ள
ு
க
்
க
ா
க
""
அ
வ
ை
""
க
ா
த
்
த
ி
ர
ு
க
்
க
ி
ற
த
ு
""
"
"
	
ப
ா
ல
்
ஹ
ி
க
ந
ா
ட
ு
க
ள
்
""
அ
ன
ை
த
்
த
ு
ம
்
""
ப
ெ
ர
ு
ம
ை
க
ொ
ள
்
ள
ு
ம
்
""
த
ர
ு
ண
ம
்
""
எ
ன
்
ற
ு
""
ப
ூ
ர
ி
ச
ி
ர
வ
ஸ
்
""
ச
ொ
ன
்
ன
ா
ன
்
""
""
இ
த
ு
""
எ
ங
்
க
ள
்
""
அ
ன
ை
வ
ர
ு
க
்
க
ு
ம
்
""
க
ா
ப
்
ப
ா
க
வ
ு
ம
்
""
ம
த
ி
ப
்
ப
ா
க
வ
ு
ம
்
""
அ
ம
ை
ய
ு
ம
்
""
""
இ
ள
வ
ர
ச
ி
""
ந
ம
்
""
க
ு
ட
ி
க
ள
ை
க
்
""
க
ா
க
்
க
""
ப
ி
ற
ந
்
த
""
த
ி
ர
ு
ம
க
ள
்
""
""
அ
வ
ர
்
க
ள
ை
க
்
""
க
ண
்
ட
ு
""
ம
ு
த
ல
்
""
வ
ா
ழ
்
த
்
த
ு
ர
ை
க
்
க
""
எ
ன
க
்
க
ு
""
ந
ல
்
ல
ூ
ழ
்
""
அ
ம
ை
ந
்
த
த
ு
""
உ
வ
க
ை
ய
ள
ி
க
்
க
ி
ற
த
ு
""
""
ப
ா
ல
்
ஹ
ி
க
ர
்
க
ள
ி
ன
்
""
ச
ா
ர
்
ப
ா
க
""
ஒ
ர
ு
""
ந
ற
்
ப
ர
ி
ச
ை
ய
ு
ம
்
""
அ
வ
ர
ு
க
்
க
ு
""
அ
ள
ி
க
்
க
""
வ
ி
ழ
ை
க
ி
ற
ே
ன
்
""
""
ச
ு
த
ீ
ர
ர
்
""
அ
வ
ை
க
்
க
ு
ப
்
ப
ி
ன
்
""
த
ா
ங
்
க
ள
ே
""
இ
ள
வ
ர
ச
ி
ய
ை
""
ச
ந
்
த
ி
க
்
க
ல
ா
ம
்
""
இ
ள
வ
ர
ச
ே
""
எ
ன
்
ற
ா
ர
்
""
"
"
	
வ
ெ
ண
்
ம
ு
ர
ச
ு
""
அ
ன
ை
த
்
த
ு
""
வ
ி
வ
ா
த
ங
்
க
ள
ு
ம
்
"
"
	
ம
க
ா
ப
ா
ர
த
""
அ
ர
ச
ி
ய
ல
்
""
ப
ி
ன
்
ன
ண
ி
""
வ
ா
ச
ி
ப
்
ப
ு
க
்
க
ா
க
"
"
	
வ
ெ
ண
்
ம
ு
ர
ச
ு
""
வ
ா
ச
க
ர
்
""
வ
ி
வ
ா
த
க
்
க
ு
ழ
ு
ம
ம
்
"
"
	
"
"
S
h
a
r
e
""
t
h
i
s
""
T
w
i
t
t
e
r
F
a
c
e
b
o
o
k
L
i
k
e
""
t
h
i
s
""
L
i
k
e
""
ஏ
ற
்
ற
ப
்
ப
ட
ு
க
ி
ன
்
ற
த
ு
""
""
"
"
	
""
